#vertices
-0.4045087,-0.5,-0.2938928
-0.4045087,0.5,-0.2938928
-0.4755285,0.5,-0.1545086
-0.4755285,-0.5,-0.1545086
-0.2938928,-0.5,-0.4045087
-0.2938928,0.5,-0.4045087
-0.1545086,-0.5,-0.4755285
-0.1545086,0.5,-0.4755285
-7.445536E-09,-0.5,-0.5000002
-7.445536E-09,0.5,-0.5000002
0.1545085,-0.5,-0.4755284
0.1545085,0.5,-0.4755284
0.2938927,-0.5,-0.4045087
0.2938927,0.5,-0.4045087
0.4045086,-0.5,-0.2938927
0.4045086,0.5,-0.2938927
0.4755284,-0.5,-0.1545085
0.4755284,0.5,-0.1545085
0.5000001,-0.5,-1.777778E-09
0.5000001,0.5,-1.777778E-09
0.4755284,-0.5,0.1545085
0.4755284,0.5,0.1545085
0.4045086,-0.5,0.2938927
0.4045086,0.5,0.2938927
0.2938927,-0.5,0.4045086
0.2938927,0.5,0.4045086
0.1545085,-0.5,0.4755283
0.1545085,0.5,0.4755283
5.986909E-09,-0.5,0.5000001
5.986909E-09,0.5,0.5
-0.1545085,-0.5,0.4755283
-0.1545085,0.5,0.4755283
-0.2938927,-0.5,0.4045085
-0.2938927,0.5,0.4045085
-0.4045085,-0.5,0.2938927
-0.4045085,0.5,0.2938927
-0.4755283,-0.5,0.1545085
-0.4755283,0.5,0.1545085
-0.5,-0.5,0
-0.5,0.5,0
-0.3995286,0.5782172,-0.2902745
-0.469674,0.5782172,-0.1526064
-0.2902745,0.5782172,-0.3995286
-0.1526063,0.5782172,-0.469674
-7.353869E-09,0.5782172,-0.4938444
0.1526063,0.5782172,-0.4696739
0.2902744,0.5782172,-0.3995285
0.3995284,0.5782172,-0.2902744
0.4696738,0.5782172,-0.1526063
0.4938443,0.5782172,-1.755893E-09
0.4696738,0.5782172,0.1526063
0.3995284,0.5782172,0.2902744
0.2902744,0.5782172,0.3995284
0.1526063,0.5782172,0.4696738
5.913201E-09,0.5782172,0.4938442
-0.1526063,0.5782172,0.4696738
-0.2902744,0.5782172,0.3995284
-0.3995284,0.5782172,0.2902744
-0.4696738,0.5782172,0.1526062
-0.4938442,0.5782172,0
-0.3847107,0.6545085,-0.2795087
-0.4522545,0.6545085,-0.1469464
-0.2795087,0.6545085,-0.3847107
-0.1469464,0.6545085,-0.4522545
-7.081127E-09,0.6545085,-0.4755285
0.1469464,0.6545085,-0.4522544
0.2795086,0.6545085,-0.3847106
0.3847106,0.6545085,-0.2795086
0.4522544,0.6545085,-0.1469464
0.4755284,0.6545085,-1.690772E-09
0.4522544,0.6545085,0.1469464
0.3847106,0.6545085,0.2795086
0.2795086,0.6545085,0.3847105
0.1469463,0.6545085,0.4522543
5.693888E-09,0.6545085,0.4755283
-0.1469463,0.6545085,0.4522543
-0.2795085,0.6545085,0.3847105
-0.3847105,0.6545085,0.2795085
-0.4522543,0.6545085,0.1469463
-0.4755283,0.6545085,0
-0.3604199,0.7269952,-0.2618604
-0.423699,0.7269952,-0.1376682
-0.2618604,0.7269952,-0.3604199
-0.1376681,0.7269952,-0.423699
-6.634025E-09,0.7269952,-0.4455035
0.1376681,0.7269952,-0.423699
0.2618603,0.7269952,-0.3604198
0.3604198,0.7269952,-0.2618603
0.4236989,0.7269952,-0.1376681
0.4455034,0.7269952,-1.584013E-09
0.4236989,0.7269952,0.1376681
0.3604198,0.7269952,0.2618603
0.2618603,0.7269952,0.3604198
0.1376681,0.7269952,0.4236988
5.334375E-09,0.7269952,0.4455033
-0.1376681,0.7269952,0.4236988
-0.2618603,0.7269952,0.3604198
-0.3604198,0.7269952,0.2618603
-0.4236988,0.7269952,0.1376681
-0.4455033,0.7269952,0
-0.3272544,0.7938926,-0.2377643
-0.3847107,0.7938926,-0.1250001
-0.2377643,0.7938926,-0.3272544
-0.1250001,0.7938926,-0.3847106
-6.023569E-09,0.7938926,-0.4045087
0.125,0.7938926,-0.3847106
0.2377642,0.7938926,-0.3272544
0.3272544,0.7938926,-0.2377642
0.3847106,0.7938926,-0.125
0.4045086,0.7938926,-1.438252E-09
0.3847106,0.7938926,0.125
0.3272543,0.7938926,0.2377642
0.2377642,0.7938926,0.3272543
0.125,0.7938926,0.3847105
4.84351E-09,0.7938926,0.4045086
-0.125,0.7938926,0.3847105
-0.2377641,0.7938926,0.3272543
-0.3272543,0.7938926,0.2377641
-0.3847105,0.7938926,0.125
-0.4045085,0.7938926,0
-0.2860309,0.8535534,-0.2078136
-0.3362494,0.8535534,-0.1092541
-0.2078136,0.8535534,-0.2860309
-0.1092541,0.8535534,-0.3362494
-5.264788E-09,0.8535534,-0.3535536
0.109254,0.8535534,-0.3362494
0.2078135,0.8535534,-0.2860308
0.2860308,0.8535534,-0.2078135
0.3362494,0.8535534,-0.109254
0.3535535,0.8535534,-1.257078E-09
0.3362494,0.8535534,0.109254
0.2860308,0.8535534,0.2078135
0.2078135,0.8535534,0.2860307
0.109254,0.8535534,0.3362493
4.233385E-09,0.8535534,0.3535534
-0.109254,0.8535534,0.3362493
-0.2078135,0.8535534,0.2860307
-0.2860307,0.8535534,0.2078135
-0.3362493,0.8535534,0.109254
-0.3535534,0.8535534,0
-0.2377643,0.9045085,-0.1727459
-0.2795087,0.9045085,-0.09081788
-0.1727459,0.9045085,-0.2377643
-0.09081786,0.9045085,-0.2795087
-4.376375E-09,0.9045085,-0.2938928
0.09081785,0.9045085,-0.2795086
0.1727458,0.9045085,-0.2377642
0.2377642,0.9045085,-0.1727458
0.2795086,0.9045085,-0.09081785
0.2938927,0.9045085,-1.044953E-09
0.2795086,0.9045085,0.09081783
0.2377642,0.9045085,0.1727458
0.1727458,0.9045085,0.2377642
0.09081782,0.9045085,0.2795085
3.519016E-09,0.9045085,0.2938927
-0.09081782,0.9045085,0.2795085
-0.1727458,0.9045085,0.2377641
-0.2377641,0.9045085,0.1727458
-0.2795085,0.9045085,0.09081782
-0.2938926,0.9045085,0
-0.1836431,0.9455032,-0.1334246
-0.2158854,0.9455032,-0.07014544
-0.1024889,0.9475992,-0.2011457
0.03531522,0.9475992,-0.2229718
0.1596302,0.9475992,-0.1596301
0.2158854,0.9455032,-0.07014541
0.2229717,0.9475992,0.03531528
0.1836431,0.9455032,0.1334245
0.1024888,0.9475992,0.2011457
-0.03531528,0.9475992,0.2229717
-0.1334245,0.9455032,0.183643
-0.2011456,0.9475992,0.1024889
-0.2269953,0.9455032,0
-0.1468684,0.9755734,-0.04772044
-0.09016678,0.9772004,-0.124104
0.02420955,0.9760976,-0.1528533
0.1094309,0.9760976,-0.1094308
0.1528533,0.9760976,-0.0242096
0.1378909,0.9760976,0.07025892
0.07025894,0.9760976,0.1378909
-0.02420961,0.9760976,0.1528532
-0.1241039,0.9772004,0.09016674
-0.07433093,0.9938652,-0.02415159
-0.04635844,0.9940971,-0.06380693
0.0357164,0.9944476,-0.07009736
0.07770352,0.9944476,0.01230704
0.01230703,0.9944476,0.07770351
-0.0638069,0.9940971,0.04635841
0,1,0
-0.07433093,-0.9938652,-0.02415159
0,-1,0
-0.0638069,-0.9940971,0.04635841
0.01230703,-0.9944476,0.07770351
0.07770352,-0.9944476,0.01230704
0.0357164,-0.9944476,-0.07009736
-0.04635844,-0.9940971,-0.06380693
-0.4938442,-0.5782172,0
-0.469674,-0.5782172,-0.1526064
-0.4696738,-0.5782172,0.1526062
-0.3995284,-0.5782172,0.2902744
-0.2902744,-0.5782172,0.3995284
-0.1526063,-0.5782172,0.4696738
5.913201E-09,-0.5782172,0.4938442
0.1526063,-0.5782172,0.4696738
0.2902744,-0.5782172,0.3995284
0.3995284,-0.5782172,0.2902744
0.4696738,-0.5782172,0.1526063
0.4938443,-0.5782172,-1.755893E-09
0.4696738,-0.5782172,-0.1526063
0.3995284,-0.5782172,-0.2902744
0.2902744,-0.5782172,-0.3995285
0.1526063,-0.5782172,-0.4696739
-7.353869E-09,-0.5782172,-0.4938444
-0.1526063,-0.5782172,-0.469674
-0.2902745,-0.5782172,-0.3995286
-0.3995286,-0.5782172,-0.2902745
-0.4755283,-0.6545085,0
-0.4522545,-0.6545085,-0.1469464
-0.4522543,-0.6545085,0.1469463
-0.3847105,-0.6545085,0.2795085
-0.2795085,-0.6545085,0.3847105
-0.1469463,-0.6545085,0.4522543
5.693888E-09,-0.6545085,0.4755283
0.1469463,-0.6545085,0.4522543
0.2795086,-0.6545085,0.3847105
0.3847106,-0.6545085,0.2795086
0.4522544,-0.6545085,0.1469464
0.4755284,-0.6545085,-1.690772E-09
0.4522544,-0.6545085,-0.1469464
0.3847106,-0.6545085,-0.2795086
0.2795086,-0.6545085,-0.3847106
0.1469464,-0.6545085,-0.4522544
-7.081127E-09,-0.6545085,-0.4755285
-0.1469464,-0.6545085,-0.4522545
-0.2795087,-0.6545085,-0.3847107
-0.3847107,-0.6545085,-0.2795087
-0.4455033,-0.7269952,0
-0.423699,-0.7269952,-0.1376682
-0.4236988,-0.7269952,0.1376681
-0.3604198,-0.7269952,0.2618603
-0.2618603,-0.7269952,0.3604198
-0.1376681,-0.7269952,0.4236988
5.334375E-09,-0.7269952,0.4455033
0.1376681,-0.7269952,0.4236988
0.2618603,-0.7269952,0.3604198
0.3604198,-0.7269952,0.2618603
0.4236989,-0.7269952,0.1376681
0.4455034,-0.7269952,-1.584013E-09
0.4236989,-0.7269952,-0.1376681
0.3604198,-0.7269952,-0.2618603
0.2618603,-0.7269952,-0.3604198
0.1376681,-0.7269952,-0.423699
-6.634025E-09,-0.7269952,-0.4455035
-0.1376681,-0.7269952,-0.423699
-0.2618604,-0.7269952,-0.3604199
-0.3604199,-0.7269952,-0.2618604
-0.4045085,-0.7938926,0
-0.3847107,-0.7938926,-0.1250001
-0.3847105,-0.7938926,0.125
-0.3272543,-0.7938926,0.2377641
-0.2377641,-0.7938926,0.3272543
-0.125,-0.7938926,0.3847105
4.84351E-09,-0.7938926,0.4045086
0.125,-0.7938926,0.3847105
0.2377642,-0.7938926,0.3272543
0.3272543,-0.7938926,0.2377642
0.3847106,-0.7938926,0.125
0.4045086,-0.7938926,-1.438252E-09
0.3847106,-0.7938926,-0.125
0.3272544,-0.7938926,-0.2377642
0.2377642,-0.7938926,-0.3272544
0.125,-0.7938926,-0.3847106
-6.023569E-09,-0.7938926,-0.4045087
-0.1250001,-0.7938926,-0.3847106
-0.2377643,-0.7938926,-0.3272544
-0.3272544,-0.7938926,-0.2377643
-0.3535534,-0.8535534,0
-0.3362494,-0.8535534,-0.1092541
-0.3362493,-0.8535534,0.109254
-0.2860307,-0.8535534,0.2078135
-0.2078135,-0.8535534,0.2860307
-0.109254,-0.8535534,0.3362493
4.233385E-09,-0.8535534,0.3535534
0.109254,-0.8535534,0.3362493
0.2078135,-0.8535534,0.2860307
0.2860308,-0.8535534,0.2078135
0.3362494,-0.8535534,0.109254
0.3535535,-0.8535534,-1.257078E-09
0.3362494,-0.8535534,-0.109254
0.2860308,-0.8535534,-0.2078135
0.2078135,-0.8535534,-0.2860308
0.109254,-0.8535534,-0.3362494
-5.264788E-09,-0.8535534,-0.3535536
-0.1092541,-0.8535534,-0.3362494
-0.2078136,-0.8535534,-0.2860309
-0.2860309,-0.8535534,-0.2078136
-0.2938926,-0.9045085,0
-0.2795087,-0.9045085,-0.09081788
-0.2795085,-0.9045085,0.09081782
-0.2377641,-0.9045085,0.1727458
-0.1727458,-0.9045085,0.2377641
-0.09081782,-0.9045085,0.2795085
3.519016E-09,-0.9045085,0.2938927
0.09081782,-0.9045085,0.2795085
0.1727458,-0.9045085,0.2377642
0.2377642,-0.9045085,0.1727458
0.2795086,-0.9045085,0.09081783
0.2938927,-0.9045085,-1.044953E-09
0.2795086,-0.9045085,-0.09081785
0.2377642,-0.9045085,-0.1727458
0.1727458,-0.9045085,-0.2377642
0.09081785,-0.9045085,-0.2795086
-4.376375E-09,-0.9045085,-0.2938928
-0.09081786,-0.9045085,-0.2795087
-0.1727459,-0.9045085,-0.2377643
-0.2377643,-0.9045085,-0.1727459
-0.2269953,-0.9455032,0
-0.2158854,-0.9455032,-0.07014544
-0.2011456,-0.9475992,0.1024889
-0.1334245,-0.9455032,0.183643
-0.03531528,-0.9475992,0.2229717
0.1024888,-0.9475992,0.2011457
0.2011457,-0.9475992,0.1024888
0.2229717,-0.9475992,-0.03531526
0.1596301,-0.9475992,-0.1596301
0.03531522,-0.9475992,-0.2229718
-0.1024889,-0.9475992,-0.2011457
-0.1836431,-0.9455032,-0.1334246
-0.1468684,-0.9755734,-0.04772044
-0.1241039,-0.9772004,0.09016674
-0.02420961,-0.9760976,0.1528532
0.07025895,-0.9760976,0.1378909
0.1378909,-0.9760976,0.07025891
0.1528533,-0.9760976,-0.02420961
0.1094309,-0.9760976,-0.1094308
0.02420955,-0.9760976,-0.1528533
-0.09016678,-0.9772004,-0.1241039
0.5000001,0.5,-1.777778E-09
0.5000001,-0.5,-1.777778E-09
-0.5,0.5,0
-0.5,-0.5,0
-0.4045087,0.5,-0.2938928
-0.4755285,0.5,-0.1545086
-0.2938928,0.5,-0.4045087
-0.1545086,0.5,-0.4755285
-7.445536E-09,0.5,-0.5000002
0.1545085,0.5,-0.4755284
0.2938927,0.5,-0.4045087
0.4045086,0.5,-0.2938927
0.4755284,0.5,-0.1545085
0.5000001,0.5,-1.777778E-09
0.4755284,0.5,0.1545085
0.4938443,0.5782172,-1.755893E-09
0.5000001,0.5,-1.777778E-09
0.4045086,0.5,0.2938927
0.2938927,0.5,0.4045086
0.1545085,0.5,0.4755283
5.986909E-09,0.5,0.5
-0.1545085,0.5,0.4755283
-0.2938927,0.5,0.4045085
-0.4045085,0.5,0.2938927
-0.4755283,0.5,0.1545085
-0.5,0.5,0
0.4755284,0.6545085,-1.690772E-09
0.4455034,0.7269952,-1.584013E-09
0.4045086,0.7938926,-1.438252E-09
0.3535535,0.8535534,-1.257078E-09
0.2938927,0.9045085,-1.044953E-09
0.2229717,0.9475992,0.03531528
0.1528533,0.9760976,-0.0242096
0.07770352,0.9944476,0.01230704
0,1,0
0,1,0
0,1,0
0,1,0
0,1,0
0,-1,0
0,-1,0
0.07770352,-0.9944476,0.01230704
0,-1,0
0,-1,0
0,-1,0
-0.4755285,-0.5,-0.1545086
-0.5,-0.5,0
-0.4755283,-0.5,0.1545085
-0.4045085,-0.5,0.2938927
-0.2938927,-0.5,0.4045085
-0.1545085,-0.5,0.4755283
5.986909E-09,-0.5,0.5000001
0.1545085,-0.5,0.4755283
0.2938927,-0.5,0.4045086
0.4045086,-0.5,0.2938927
0.4755284,-0.5,0.1545085
0.5000001,-0.5,-1.777778E-09
0.5000001,-0.5,-1.777778E-09
0.4755284,-0.5,-0.1545085
0.4938443,-0.5782172,-1.755893E-09
0.4045086,-0.5,-0.2938927
0.2938927,-0.5,-0.4045087
0.1545085,-0.5,-0.4755284
-7.445536E-09,-0.5,-0.5000002
-0.1545086,-0.5,-0.4755285
-0.2938928,-0.5,-0.4045087
-0.4045087,-0.5,-0.2938928
0.4755284,-0.6545085,-1.690772E-09
0.4455034,-0.7269952,-1.584013E-09
0.4045086,-0.7938926,-1.438252E-09
0.3535535,-0.8535534,-1.257078E-09
0.2938927,-0.9045085,-1.044953E-09
0.2229717,-0.9475992,-0.03531526
0.1528533,-0.9760976,-0.02420961
0.07770352,-0.9944476,0.01230704
#triangles
0
2
1
0
3
2
4
0
1
4
1
5
6
4
5
6
5
7
8
6
7
8
7
9
10
8
9
10
9
11
12
10
11
12
11
13
14
12
13
14
13
15
16
14
15
16
15
17
18
16
17
18
17
19
20
337
21
20
338
337
22
20
21
22
21
23
24
22
23
24
23
25
26
24
25
26
25
27
28
26
27
28
27
29
30
28
29
30
29
31
32
30
31
32
31
33
34
32
33
34
33
35
36
34
35
36
35
37
38
36
37
38
37
39
3
339
2
3
340
339
341
41
40
341
342
41
343
341
40
343
40
42
344
343
42
344
42
43
345
344
43
345
43
44
346
345
44
346
44
45
347
346
45
347
45
46
348
347
46
348
46
47
349
348
47
349
47
48
350
349
48
350
48
49
42
63
43
42
62
63
43
64
44
43
63
64
44
65
45
44
64
65
45
66
46
45
65
66
46
67
47
46
66
67
47
68
48
47
67
68
48
69
49
48
68
69
62
83
63
62
82
83
60
82
62
40
60
62
41
60
40
41
61
60
40
62
42
59
61
41
342
59
41
342
362
59
362
58
59
362
361
58
361
57
58
361
360
57
360
56
57
360
359
56
359
55
56
359
358
55
358
54
55
358
357
54
357
53
54
357
356
53
356
52
53
356
355
52
355
51
52
355
354
51
354
50
51
354
351
50
351
352
50
351
353
352
352
70
50
352
363
70
50
71
51
50
70
71
51
72
52
51
71
72
52
73
53
52
72
73
53
73
74
53
74
54
54
74
75
54
75
55
55
75
76
55
76
56
56
76
77
56
77
57
57
77
78
57
78
58
58
78
79
58
79
59
59
79
61
71
92
72
72
93
73
72
92
93
74
95
75
75
96
76
75
95
96
76
97
77
76
96
97
77
98
78
77
97
98
78
99
79
78
98
99
79
81
61
79
99
81
61
81
80
61
80
60
60
80
82
81
100
80
81
101
100
99
101
81
80
102
82
80
100
102
82
102
103
82
103
83
83
103
104
83
104
84
63
83
84
63
84
64
64
84
85
64
85
65
65
85
86
65
86
66
66
86
87
66
87
67
67
87
88
67
88
68
68
88
89
68
89
69
84
105
85
84
104
105
85
106
86
85
105
106
86
107
87
86
106
107
87
108
88
87
107
108
88
109
89
88
108
109
105
126
106
105
125
126
104
125
105
104
124
125
103
124
104
103
123
124
102
123
103
102
122
123
100
122
102
100
120
122
101
120
100
101
121
120
106
127
107
106
126
127
108
129
109
119
121
101
99
119
101
98
119
99
98
118
119
97
118
98
97
117
118
96
117
97
96
116
117
95
116
96
95
115
116
94
115
95
74
94
95
73
94
74
73
93
94
93
114
94
94
114
115
93
113
114
92
113
93
92
112
113
91
112
92
71
91
92
70
91
71
70
90
91
363
90
70
363
364
90
364
110
90
364
365
110
90
111
91
90
110
111
91
111
112
365
130
110
365
366
130
110
131
111
110
130
131
111
132
112
111
131
132
112
133
113
112
132
133
113
133
134
113
134
114
114
134
135
114
135
115
115
135
136
115
136
116
116
136
137
116
137
117
117
137
138
117
138
118
118
138
139
118
139
119
119
139
121
132
153
133
133
154
134
133
153
154
134
155
135
134
154
155
135
156
136
135
155
156
136
157
137
136
156
157
137
158
138
137
157
158
138
159
139
138
158
159
139
141
121
121
141
140
121
140
120
120
140
142
120
142
122
122
142
143
122
143
123
123
143
144
123
144
124
124
144
145
124
145
125
125
145
146
125
146
126
126
146
147
126
147
127
127
147
148
127
148
128
107
127
128
107
128
108
108
128
129
128
149
129
128
148
149
143
163
144
144
163
145
145
164
146
145
163
164
146
164
147
147
165
148
147
164
165
148
166
149
148
165
166
163
176
164
163
175
176
162
175
163
143
162
163
142
162
143
140
162
142
140
160
162
141
160
140
141
161
160
159
161
141
139
159
141
159
172
161
158
172
159
158
171
172
157
171
158
156
171
157
156
170
171
155
170
156
155
169
170
154
169
155
153
169
154
153
168
169
152
168
153
132
152
153
131
152
132
131
151
152
151
168
152
130
151
131
130
150
151
366
150
130
366
367
150
367
368
150
150
167
151
150
368
167
151
167
168
368
178
167
368
369
178
167
179
168
167
178
179
168
179
180
168
180
169
169
180
181
169
181
170
170
181
171
171
181
173
171
173
172
172
173
161
161
173
174
161
174
160
160
174
162
162
174
175
173
183
174
173
182
183
181
182
173
174
184
175
174
183
184
175
184
176
176
184
185
176
185
177
164
176
177
164
177
165
165
177
166
182
188
183
183
371
184
184
372
185
181
187
182
180
187
181
180
186
187
179
186
180
178
186
179
178
370
186
369
370
178
370
373
186
186
374
187
187
375
182
189
190
191
191
328
189
191
329
328
329
316
328
328
316
317
316
297
317
316
296
297
296
277
297
296
276
277
276
257
277
276
256
257
256
237
257
256
236
237
236
217
237
236
216
217
216
197
217
216
196
197
382
197
196
382
196
383
383
196
198
383
198
384
384
198
199
384
199
385
385
199
200
385
200
386
386
200
201
386
201
387
387
201
202
387
202
388
388
202
203
388
203
389
389
203
204
389
204
390
390
204
205
390
205
391
391
205
206
391
206
392
392
206
207
392
207
393
221
201
200
221
200
220
220
200
199
220
199
219
219
199
198
219
198
218
218
198
196
218
196
216
226
206
205
226
205
225
227
206
226
227
207
206
238
218
216
238
216
236
239
218
238
239
219
218
240
219
239
240
220
219
241
220
240
241
221
220
242
221
241
242
222
221
222
201
221
222
202
201
223
202
222
223
203
202
224
203
223
224
204
203
225
204
224
225
205
204
243
222
242
243
223
222
244
223
243
244
224
223
245
224
244
245
225
224
246
225
245
246
226
225
247
226
246
247
227
226
264
244
243
264
243
263
263
243
242
263
242
262
262
242
241
262
241
261
261
241
240
261
240
260
260
240
239
260
239
259
259
239
238
259
238
258
258
238
236
258
236
256
278
258
256
278
256
276
279
258
278
279
259
258
280
259
279
280
260
259
281
260
280
281
261
260
282
261
281
282
262
261
283
262
282
283
263
262
284
263
283
284
264
263
285
264
284
285
265
264
265
244
264
265
245
244
266
245
265
266
246
245
267
246
266
267
247
246
286
265
285
286
266
265
287
266
286
287
267
266
303
283
282
303
282
302
302
282
281
302
281
301
301
281
280
301
280
300
300
280
279
300
279
299
299
279
278
299
278
298
298
278
276
298
276
296
307
287
286
307
286
306
318
298
296
318
299
298
318
296
316
319
299
318
319
300
299
320
300
319
320
301
300
320
302
301
321
302
320
321
303
302
321
304
303
304
283
303
304
284
283
305
284
304
305
285
284
306
285
305
306
286
285
322
304
321
322
305
304
322
306
305
323
306
322
323
307
306
330
320
319
330
319
329
331
320
330
331
321
320
332
321
331
332
322
321
333
322
332
333
323
322
192
330
329
192
331
330
192
329
191
191
376
192
193
331
192
193
332
331
193
333
332
192
377
193
329
318
316
329
319
318
378
379
194
194
380
195
195
335
194
194
335
334
335
324
334
334
324
409
324
308
409
409
308
408
308
407
408
308
288
407
288
406
407
288
268
406
268
405
406
268
248
405
248
404
405
248
228
404
228
396
404
228
208
396
394
396
208
394
208
395
395
208
209
395
209
397
397
209
210
397
210
398
398
210
211
398
211
399
399
211
212
399
212
400
400
212
213
400
213
401
401
213
214
401
214
402
402
214
215
402
215
403
403
215
197
403
197
382
230
210
209
230
209
229
229
209
208
229
208
228
233
213
212
233
212
232
234
213
233
234
214
213
235
214
234
235
215
214
217
215
235
217
197
215
249
229
228
249
228
248
250
229
249
250
230
229
251
230
250
251
231
230
231
210
230
231
211
210
232
211
231
232
212
211
252
231
251
252
232
231
253
232
252
253
233
232
254
233
253
254
234
233
255
234
254
255
235
234
237
235
255
237
217
235
269
249
248
269
248
268
270
249
269
270
250
249
271
250
270
271
251
250
272
251
271
272
252
251
273
252
272
273
253
252
274
253
273
274
254
253
275
254
274
275
255
254
257
255
275
257
237
255
289
269
268
289
268
288
290
269
289
290
270
269
291
270
290
291
271
270
292
271
291
292
272
271
293
272
292
293
273
272
294
273
293
294
274
273
295
274
294
295
275
274
277
275
295
277
257
275
309
289
288
309
288
308
310
289
309
310
290
289
311
290
310
311
291
290
312
291
311
312
292
291
313
292
312
313
293
292
314
293
313
314
294
293
315
294
314
315
295
294
297
295
315
297
277
295
324
309
308
324
310
309
325
310
324
325
311
310
325
312
311
326
312
325
326
313
312
326
314
313
327
314
326
327
315
314
317
315
327
317
297
315
335
325
324
336
325
335
336
326
325
336
327
326
328
327
336
328
317
327
195
336
335
189
336
195
189
328
336
195
381
189
334
409
410
194
334
410
194
410
411
#normals
-0.8382357,-0.0392068,-0.5438968
-0.8083465,0.03926132,-0.5873963
-0.9502989,0.0392613,-0.3088534
-0.9652832,-0.03920678,-0.2582463
-0.6291361,-0.03920679,-0.7763057
-0.5872677,0.03926132,-0.80844
-0.3584523,-0.03920681,-0.9327244
-0.308703,0.03926133,-0.9503478
-0.05268068,-0.03920675,-0.9978415
7.963931E-05,0.03926127,-0.999229
0.2582477,-0.03920678,-0.9652829
0.3088545,0.0392613,-0.9502986
0.5438969,-0.0392068,-0.8382356
0.5873964,0.03926132,-0.8083465
0.7763057,-0.03920679,-0.6291361
0.8084399,0.03926131,-0.5872677
0.9327244,-0.03920681,-0.3584523
0.9503478,0.03926133,-0.308703
0.9978415,-0.03920675,-0.05268082
0.999229,0.03926127,7.944304E-05
0.9652829,-0.03920678,0.2582475
0.9502986,0.0392613,0.3088543
0.8382356,-0.0392068,0.543897
0.8083465,0.03926132,0.5873965
0.6291361,-0.0392068,0.7763058
0.5872677,0.03926132,0.80844
0.3584524,-0.03920681,0.9327244
0.308703,0.03926133,0.9503478
0.05268078,-0.03920675,0.9978415
-7.942793E-05,0.03926102,0.999229
-0.2582475,-0.03920678,0.9652829
-0.3088543,0.03926117,0.9502987
-0.543897,-0.0392068,0.8382356
-0.5873964,0.03926132,0.8083465
-0.7763057,-0.0392068,0.6291361
-0.8084399,0.03926131,0.5872677
-0.9327244,-0.03920669,0.3584523
-0.9503478,0.03926121,0.3087031
-0.9978414,-0.03920668,0.05268139
-0.999229,0.0392612,-7.857489E-05
-0.7673613,0.1562453,-0.6218875
-0.9219779,0.1562452,-0.3543219
-0.53763,0.1562452,-0.8285779
-0.2552719,0.1562452,-0.9541613
0.05207412,0.1562451,-0.9863446
0.3543226,0.1562452,-0.9219778
0.6218875,0.1562451,-0.7673613
0.8285779,0.1562451,-0.53763
0.9541613,0.1562452,-0.255272
0.9863447,0.1562452,0.05207385
0.9219778,0.1562452,0.3543226
0.7673612,0.1562451,0.6218876
0.53763,0.1562451,0.8285779
0.255272,0.156245,0.9541613
-0.05207378,0.1562449,0.9863447
-0.3543226,0.1562452,0.9219778
-0.6218875,0.1562451,0.7673613
-0.8285779,0.1562451,0.5376301
-0.9541613,0.1562452,0.255272
-0.9863447,0.1562451,-0.05207272
-0.7701472,0.3090591,-0.5579927
-0.904883,0.3090591,-0.292693
-0.5600242,0.3090592,-0.7686712
-0.2950822,0.3090592,-0.9041067
-0.001255496,0.3090591,-0.951042
0.2926941,0.309059,-0.9048827
0.5579927,0.3090592,-0.7701472
0.7686712,0.3090591,-0.5600243
0.9041067,0.3090589,-0.2950822
0.951042,0.309059,-0.001255665
0.9048828,0.309059,0.292694
0.7701473,0.3090589,0.5579927
0.5600243,0.3090589,0.7686712
0.2950823,0.3090589,0.9041067
0.001255665,0.309059,0.951042
-0.292694,0.309059,0.9048828
-0.5579927,0.3090589,0.7701473
-0.7686712,0.3090589,0.5600243
-0.9041067,0.3090591,0.2950823
-0.951042,0.3090591,0.001256508
-0.7219028,0.4540445,-0.5222067
-0.8479414,0.4540445,-0.2735671
-0.5251995,0.4540445,-0.7197285
-0.2770861,0.4540446,-0.846798
-0.001849631,0.4540446,-0.8909771
0.2735681,0.4540444,-0.8479412
0.5222067,0.4540444,-0.7219029
0.7197284,0.4540445,-0.5251997
0.846798,0.4540445,-0.2770862
0.8909771,0.4540444,-0.001849742
0.8479412,0.4540444,0.2735679
0.7219028,0.4540444,0.5222068
0.5251996,0.4540444,0.7197285
0.2770862,0.4540444,0.8467981
0.001849704,0.4540443,0.8909771
-0.2735679,0.4540444,0.8479412
-0.5222068,0.4540444,0.7219028
-0.7197285,0.4540444,0.5251996
-0.8467982,0.4540442,0.2770861
-0.8909771,0.4540443,0.001850524
-0.6558847,0.5878421,-0.4735578
-0.770121,0.5878422,-0.2477
-0.4774459,0.5878421,-0.6530597
-0.2522714,0.587842,-0.7686357
-0.002402924,0.587842,-0.8089721
0.2477008,0.5878422,-0.7701207
0.4735579,0.587842,-0.6558847
0.6530598,0.587842,-0.477446
0.7686357,0.5878419,-0.2522715
0.8089722,0.587842,-0.002403057
0.7701208,0.587842,0.2477007
0.6558847,0.587842,0.4735579
0.4774459,0.587842,0.6530598
0.2522716,0.587842,0.7686357
0.002403067,0.587842,0.8089722
-0.2477008,0.587842,0.7701208
-0.4735579,0.587842,0.6558847
-0.6530598,0.587842,0.477446
-0.7686357,0.5878419,0.2522715
-0.8089722,0.5878419,0.00240376
-0.5737208,0.707158,-0.4132456
-0.673341,0.7071581,-0.2157298
-0.4179409,0.707158,-0.5703095
-0.22125,0.707158,-0.6715474
-0.002901683,0.7071579,-0.7070496
0.2157306,0.707158,-0.6733408
0.4132457,0.707158,-0.5737208
0.5703095,0.707158,-0.4179409
0.6715474,0.707158,-0.2212501
0.7070496,0.7071579,-0.002901878
0.6733409,0.707158,0.2157305
0.5737208,0.7071579,0.4132458
0.4179409,0.7071579,0.5703096
0.2212502,0.7071579,0.6715475
0.002901915,0.7071579,0.7070497
-0.2157306,0.7071579,0.6733409
-0.4132458,0.7071577,0.573721
-0.5703096,0.7071578,0.4179411
-0.6715475,0.7071579,0.2212502
-0.7070497,0.7071578,0.002902479
-0.4708461,0.8126388,-0.343398
-0.5599875,0.8090555,-0.1784461
-0.3676631,0.7999842,-0.4741827
-0.185396,0.8129874,-0.5519779
-0.01872796,0.799984,-0.5997289
0.1744561,0.8129874,-0.5555326
0.3373604,0.799984,-0.496199
0.4707845,0.8082644,-0.3536535
0.5545714,0.8126386,-0.1790782
0.5997289,0.799984,-0.01872811
0.5628318,0.8082644,0.1730002
0.4708461,0.8126386,0.3433981
0.3676632,0.799984,0.4741828
0.185396,0.8129873,0.5519782
0.01872814,0.799984,0.599729
-0.1730003,0.8082643,0.5628319
-0.3433982,0.8126386,0.4708463
-0.4741829,0.799984,0.3676632
-0.5570276,0.8082643,0.1908641
-0.5877229,0.8090554,0.003333257
-0.3776533,0.8859783,-0.26911
-0.4237129,0.8946771,-0.1414928
-0.2093648,0.8925091,-0.3994921
0.06485555,0.8957232,-0.4398564
0.3060738,0.8958849,-0.322039
0.4355285,0.8867227,-0.1550409
0.4535833,0.8898866,0.04861925
0.3656299,0.8935236,0.2606344
0.2043157,0.892631,0.401827
-0.0606886,0.8979407,0.4359121
-0.2593775,0.8895274,0.3761173
-0.3913487,0.8961469,0.2092052
-0.4499075,0.8928164,0.02149807
-0.2927373,0.9543819,-0.05882152
-0.1809472,0.9552358,-0.2340566
0.02249262,0.9517214,-0.3061377
0.2015371,0.9550083,-0.2175818
0.3121316,0.9475986,-0.0680505
0.2570036,0.9563714,0.1389347
0.1560244,0.9503786,0.2691412
-0.04159874,0.9537912,0.2975768
-0.2346934,0.9552987,0.1797867
-0.1718911,0.9848912,-0.02104135
-0.1011696,0.9863974,-0.1295562
0.05173906,0.9867519,-0.1537654
0.1557471,0.9877916,0.003249735
0.04754072,0.9875472,0.1499676
-0.1155745,0.9876496,0.1057866
-0.01035046,0.9999417,-0.003087481
-0.1619415,-0.9854241,-0.05209814
-0.01035046,-0.9999417,-0.003087485
-0.1465061,-0.9861599,0.07761876
0.001690583,-0.9867519,0.1622279
0.1491285,-0.9877916,0.04503784
0.09155647,-0.9875472,-0.1279367
-0.06911372,-0.9874182,-0.1422278
-0.9876845,-0.1564574,-0.0006337142
-0.9391479,-0.1564575,-0.3058139
-0.9395399,-0.1564573,0.3046077
-0.7994266,-0.1564573,0.5800331
-0.5810598,-0.1564574,0.7986805
-0.3058149,-0.1564574,0.9391477
-0.0006345539,-0.1564574,0.9876845
0.3046078,-0.1564574,0.9395399
0.5800329,-0.1564574,0.7994266
0.7986805,-0.1564574,0.5810599
0.9391477,-0.1564574,0.3058148
0.9876845,-0.1564574,0.0006345513
0.9395399,-0.1564574,-0.3046077
0.7994266,-0.1564574,-0.580033
0.5810598,-0.1564574,-0.7986805
0.305815,-0.1564574,-0.9391477
0.0006347632,-0.1564574,-0.9876845
-0.3046076,-0.1564574,-0.9395399
-0.5800329,-0.1564575,-0.7994266
-0.7986805,-0.1564575,-0.5810598
-0.951042,-0.3090589,-0.001254775
-0.9041069,-0.3090591,-0.2950815
-0.9048828,-0.3090591,0.2926938
-0.7701473,-0.309059,0.5579926
-0.5600244,-0.3090589,0.7686712
-0.2950824,-0.3090589,0.9041067
-0.001255665,-0.309059,0.951042
0.2926939,-0.309059,0.9048828
0.5579926,-0.3090589,0.7701473
0.768671,-0.3090589,0.5600244
0.9041067,-0.309059,0.2950824
0.951042,-0.309059,0.001255675
0.9048828,-0.3090591,-0.2926938
0.7701473,-0.3090591,-0.5579925
0.5600244,-0.3090591,-0.768671
0.2950825,-0.309059,-0.9041067
0.001255871,-0.3090592,-0.951042
-0.2926938,-0.3090591,-0.9048828
-0.5579925,-0.3090591,-0.7701473
-0.768671,-0.3090592,-0.5600243
-0.8909771,-0.4540443,-0.001848906
-0.8467982,-0.4540445,-0.2770855
-0.8479413,-0.4540443,0.2735678
-0.7219029,-0.4540444,0.5222067
-0.5251997,-0.4540444,0.7197284
-0.2770863,-0.4540443,0.846798
-0.001849704,-0.4540443,0.8909771
0.2735678,-0.4540444,0.8479412
0.5222067,-0.4540444,0.721903
0.7197284,-0.4540443,0.5251998
0.846798,-0.4540444,0.2770863
0.8909771,-0.4540444,0.001849746
0.8479412,-0.4540443,-0.2735678
0.7219029,-0.4540444,-0.5222067
0.5251997,-0.4540445,-0.7197283
0.2770864,-0.4540445,-0.8467979
0.001849877,-0.4540445,-0.8909771
-0.2735677,-0.4540446,-0.8479412
-0.5222065,-0.4540445,-0.7219029
-0.7197284,-0.4540445,-0.5251997
-0.8089722,-0.5878419,-0.002402335
-0.7686357,-0.5878422,-0.2522708
-0.7701209,-0.5878419,0.2477007
-0.6558847,-0.5878419,0.4735577
-0.4774461,-0.587842,0.6530597
-0.2522717,-0.587842,0.7686356
-0.002403065,-0.587842,0.8089722
0.2477007,-0.5878419,0.7701209
0.4735577,-0.587842,0.6558847
0.6530597,-0.5878421,0.4774462
0.7686356,-0.587842,0.2522716
0.8089722,-0.587842,0.002403066
0.7701209,-0.587842,-0.2477006
0.6558847,-0.587842,-0.4735577
0.4774461,-0.5878419,-0.6530598
0.2522717,-0.587842,-0.7686356
0.002403165,-0.587842,-0.8089721
-0.2477005,-0.587842,-0.7701209
-0.4735576,-0.5878421,-0.6558847
-0.6530597,-0.5878422,-0.4774459
-0.7070497,-0.7071579,-0.002901245
-0.6715475,-0.707158,-0.2212496
-0.673341,-0.7071578,0.2157304
-0.573721,-0.7071577,0.4132457
-0.4179412,-0.7071578,0.5703096
-0.2212503,-0.7071579,0.6715475
-0.002901909,-0.7071579,0.7070497
0.2157305,-0.7071579,0.673341
0.4132456,-0.7071579,0.5737209
0.5703094,-0.7071579,0.4179411
0.6715474,-0.707158,0.2212502
0.7070496,-0.7071579,0.002901889
0.6733409,-0.707158,-0.2157304
0.5737209,-0.7071579,-0.4132456
0.417941,-0.707158,-0.5703094
0.2212504,-0.707158,-0.6715473
0.002902039,-0.707158,-0.7070496
-0.2157304,-0.7071579,-0.6733409
-0.4132456,-0.707158,-0.5737208
-0.5703094,-0.707158,-0.4179409
-0.582767,-0.8126386,0.001058958
-0.5579277,-0.8090556,-0.1847855
-0.5761635,-0.799984,0.1675148
-0.481825,-0.8082643,0.3384576
-0.3416856,-0.8126386,0.4720905
-0.203138,-0.799984,0.5645888
-0.005751545,-0.8129873,0.582253
0.1675149,-0.799984,0.5761635
0.3375866,-0.8129873,0.4744333
0.4741828,-0.799984,0.3676633
0.5519781,-0.8129874,0.1853961
0.5997289,-0.799984,0.01872813
0.5555327,-0.8129874,-0.1744559
0.496199,-0.799984,-0.3373604
0.3468927,-0.8129874,-0.4676718
0.2031381,-0.7999842,-0.5645886
0.005751731,-0.8129874,-0.5822527
-0.1675148,-0.7999842,-0.5761633
-0.3384575,-0.8082644,-0.4818248
-0.4735187,-0.8090555,-0.348151
-0.4399066,-0.8980435,0
-0.439861,-0.8836328,-0.1603602
-0.4259738,-0.8846994,0.18935
-0.2691545,-0.8948008,0.3562127
-0.0701445,-0.892631,0.4452973
0.1976044,-0.8957231,0.398287
0.3939725,-0.8957232,0.206072
0.4398566,-0.8957231,-0.06485554
0.3177303,-0.8957232,-0.3110103
0.07108702,-0.8979604,-0.4342969
-0.1810992,-0.8885968,-0.4214248
-0.3515149,-0.8934556,-0.2795968
-0.2960993,-0.9528794,-0.06592492
-0.2334304,-0.9583218,0.1647108
-0.06913727,-0.9521981,0.2975547
0.1244367,-0.9550083,0.2692111
0.2704498,-0.9490222,0.1619064
0.294488,-0.9550083,-0.03515556
0.2375557,-0.9490222,-0.2071812
0.05239359,-0.9537912,-0.2958669
-0.168098,-0.9533043,-0.2509065
0.999229,0.03926127,7.944304E-05
0.9978415,-0.03920675,-0.05268082
-0.999229,0.0392612,-7.857489E-05
-0.9978414,-0.03920668,0.05268139
-0.8083465,0.03926132,-0.5873963
-0.9502989,0.0392613,-0.3088534
-0.5872677,0.03926132,-0.80844
-0.308703,0.03926133,-0.9503478
7.963931E-05,0.03926127,-0.999229
0.3088545,0.0392613,-0.9502986
0.5873964,0.03926132,-0.8083465
0.8084399,0.03926131,-0.5872677
0.9503478,0.03926133,-0.308703
0.999229,0.03926127,7.944304E-05
0.9502986,0.0392613,0.3088543
0.9863447,0.1562452,0.05207385
0.999229,0.03926127,7.944304E-05
0.8083465,0.03926132,0.5873965
0.5872677,0.03926132,0.80844
0.308703,0.03926133,0.9503478
-7.942793E-05,0.03926102,0.999229
-0.3088543,0.03926117,0.9502987
-0.5873964,0.03926132,0.8083465
-0.8084399,0.03926131,0.5872677
-0.9503478,0.03926121,0.3087031
-0.999229,0.0392612,-7.857489E-05
0.951042,0.309059,-0.001255665
0.8909771,0.4540444,-0.001849742
0.8089722,0.587842,-0.002403057
0.7070496,0.7071579,-0.002901878
0.5997289,0.799984,-0.01872811
0.4535833,0.8898866,0.04861925
0.3121316,0.9475986,-0.0680505
0.1557471,0.9877916,0.003249735
-0.01035046,0.9999417,-0.003087481
-0.01035046,0.9999417,-0.003087481
-0.01035046,0.9999417,-0.003087481
-0.01035046,0.9999417,-0.003087481
-0.01035046,0.9999417,-0.003087481
-0.01035046,-0.9999417,-0.003087485
-0.01035046,-0.9999417,-0.003087485
0.1491285,-0.9877916,0.04503784
-0.01035046,-0.9999417,-0.003087485
-0.01035046,-0.9999417,-0.003087485
-0.01035046,-0.9999417,-0.003087485
-0.9652832,-0.03920678,-0.2582463
-0.9978414,-0.03920668,0.05268139
-0.9327244,-0.03920669,0.3584523
-0.7763057,-0.0392068,0.6291361
-0.543897,-0.0392068,0.8382356
-0.2582475,-0.03920678,0.9652829
0.05268078,-0.03920675,0.9978415
0.3584524,-0.03920681,0.9327244
0.6291361,-0.0392068,0.7763058
0.8382356,-0.0392068,0.543897
0.9652829,-0.03920678,0.2582475
0.9978415,-0.03920675,-0.05268082
0.9978415,-0.03920675,-0.05268082
0.9327244,-0.03920681,-0.3584523
0.9876845,-0.1564574,0.0006345513
0.7763057,-0.03920679,-0.6291361
0.5438969,-0.0392068,-0.8382356
0.2582477,-0.03920678,-0.9652829
-0.05268068,-0.03920675,-0.9978415
-0.3584523,-0.03920681,-0.9327244
-0.6291361,-0.03920679,-0.7763057
-0.8382357,-0.0392068,-0.5438968
0.951042,-0.309059,0.001255675
0.8909771,-0.4540444,0.001849746
0.8089722,-0.587842,0.002403066
0.7070496,-0.7071579,0.002901889
0.5997289,-0.799984,0.01872813
0.4398566,-0.8957231,-0.06485554
0.294488,-0.9550083,-0.03515556
0.1491285,-0.9877916,0.04503784
#uvs
0.5931603,0.251763
0.5931602,0.746846
0.5463868,0.746846
0.5463869,0.251763
0.6399337,0.251763
0.6399337,0.746846
0.6867071,0.251763
0.6867071,0.746846
0.7334805,0.251763
0.7334805,0.746846
0.780254,0.251763
0.780254,0.746846
0.8270274,0.251763
0.8270274,0.746846
0.8738009,0.251763
0.8738009,0.746846
0.9205743,0.251763
0.9205743,0.746846
0.9673477,0.251763
0.9673477,0.746846
0.07865245,0.251763
0.07865247,0.746846
0.1254259,0.251763
0.1254259,0.746846
0.1721993,0.251763
0.1721994,0.746846
0.2189728,0.251763
0.2189728,0.746846
0.2657462,0.251763
0.2657462,0.746846
0.3125196,0.251763
0.3125196,0.746846
0.359293,0.251763
0.359293,0.746846
0.4060664,0.251763
0.4060664,0.746846
0.4528399,0.251763
0.4528399,0.746846
0.4996134,0.251763
0.4996134,0.746846
0.5931603,0.78557
0.5463868,0.78557
0.6399337,0.78557
0.6867071,0.78557
0.7334805,0.78557
0.7802541,0.78557
0.8270274,0.78557
0.8738009,0.78557
0.9205743,0.78557
0.9673477,0.78557
0.07865247,0.78557
0.1254259,0.78557
0.1721994,0.78557
0.2189728,0.78557
0.2657462,0.78557
0.3125196,0.78557
0.359293,0.78557
0.4060664,0.78557
0.4528399,0.78557
0.4996134,0.78557
0.5931602,0.8233405
0.5463868,0.8233405
0.6399337,0.8233405
0.6867071,0.8233405
0.7334805,0.8233405
0.7802541,0.8233405
0.8270274,0.8233405
0.8738009,0.8233405
0.9205743,0.8233405
0.9673477,0.8233405
0.07865249,0.8233405
0.1254259,0.8233405
0.1721994,0.8233405
0.2189728,0.8233405
0.2657462,0.8233405
0.3125196,0.8233405
0.359293,0.8233405
0.4060664,0.8233405
0.4528399,0.8233405
0.4996133,0.8233405
0.5931602,0.8592274
0.5463868,0.8592274
0.6399337,0.8592274
0.6867071,0.8592274
0.7334805,0.8592274
0.780254,0.8592274
0.8270274,0.8592274
0.8738009,0.8592274
0.9205743,0.8592274
0.9673477,0.8592274
0.07865247,0.8592274
0.1254259,0.8592274
0.1721994,0.8592274
0.2189728,0.8592274
0.2657462,0.8592274
0.3125196,0.8592274
0.359293,0.8592274
0.4060664,0.8592274
0.4528399,0.8592274
0.4996133,0.8592274
0.5931602,0.8923472
0.5463868,0.8923472
0.6399337,0.8923472
0.6867071,0.8923472
0.7334805,0.8923472
0.7802541,0.8923472
0.8270274,0.8923472
0.8738009,0.8923472
0.9205743,0.8923472
0.9673477,0.8923472
0.07865249,0.8923472
0.1254259,0.8923472
0.1721994,0.8923472
0.2189728,0.8923472
0.2657462,0.8923472
0.3125196,0.8923472
0.359293,0.8923472
0.4060664,0.8923472
0.4528399,0.8923472
0.4996133,0.8923472
0.5931602,0.9218842
0.5463868,0.9218842
0.6399337,0.9218842
0.6867071,0.9218842
0.7334805,0.9218842
0.780254,0.9218842
0.8270274,0.9218842
0.8738009,0.9218842
0.9205743,0.9218842
0.9673479,0.9218842
0.07865249,0.9218842
0.1254259,0.9218842
0.1721994,0.9218842
0.2189728,0.9218842
0.2657462,0.9218842
0.3125196,0.9218842
0.359293,0.9218842
0.4060664,0.9218842
0.4528399,0.9218842
0.4996133,0.9218842
0.5931602,0.9471112
0.5463868,0.9471112
0.6399337,0.9471112
0.6867071,0.9471112
0.7334805,0.9471112
0.7802541,0.9471112
0.8270274,0.9471112
0.8738009,0.9471112
0.9205743,0.9471112
0.9673479,0.9471112
0.0786525,0.9471112
0.1254259,0.9471112
0.1721994,0.9471112
0.2189728,0.9471112
0.2657462,0.9471112
0.3125196,0.9471112
0.359293,0.9471112
0.4060664,0.9471112
0.4528398,0.9471112
0.4996133,0.9471112
0.5931602,0.967407
0.5463868,0.967407
0.6633203,0.9684448
0.7568672,0.9684448
0.8504142,0.9684448
0.9205743,0.967407
0.9907344,0.9684448
0.1254259,0.967407
0.1955861,0.9684448
0.2891329,0.9684448
0.359293,0.967407
0.4294531,0.9684448
0.4996133,0.967407
0.5463868,0.9822943
0.6399336,0.9830998
0.7568672,0.9825538
0.8504142,0.9825538
0.943961,0.9825538
0.1020393,0.9825538
0.1955861,0.9825538
0.289133,0.9825538
0.4060664,0.9830998
0.5463866,0.9913502
0.6399335,0.991465
0.8036407,0.9916386
0.9907346,0.9916386
0.2423596,0.9916386
0.4060664,0.991465
0.3284246,0.9943874
0.5463868,0.007258795
0.4022327,0.004221556
0.4060665,0.007144007
0.2423596,0.006970431
0.05526584,0.006970431
0.8036407,0.006970431
0.6399336,0.007144007
0.4996134,0.213039
0.5463869,0.213039
0.4528399,0.213039
0.4060664,0.213039
0.359293,0.213039
0.3125196,0.213039
0.2657462,0.213039
0.2189728,0.213039
0.1721993,0.213039
0.1254259,0.213039
0.07865245,0.213039
0.03187903,0.213039
0.9205743,0.213039
0.8738009,0.213039
0.8270274,0.213039
0.780254,0.213039
0.7334805,0.213039
0.6867071,0.213039
0.6399337,0.213039
0.5931603,0.213039
0.4996134,0.1752685
0.5463869,0.1752685
0.4528399,0.1752685
0.4060664,0.1752685
0.359293,0.1752685
0.3125196,0.1752685
0.2657462,0.1752685
0.2189728,0.1752685
0.1721993,0.1752685
0.1254259,0.1752685
0.07865245,0.1752685
0.03187903,0.1752685
0.9205743,0.1752685
0.8738009,0.1752685
0.8270274,0.1752685
0.7802541,0.1752685
0.7334805,0.1752685
0.6867071,0.1752685
0.6399337,0.1752685
0.5931603,0.1752685
0.4996134,0.1393816
0.5463869,0.1393816
0.4528399,0.1393816
0.4060664,0.1393816
0.359293,0.1393816
0.3125196,0.1393816
0.2657462,0.1393816
0.2189728,0.1393816
0.1721993,0.1393816
0.1254259,0.1393816
0.07865245,0.1393816
0.03187903,0.1393816
0.9205743,0.1393816
0.8738009,0.1393816
0.8270274,0.1393816
0.780254,0.1393816
0.7334805,0.1393816
0.6867071,0.1393816
0.6399337,0.1393816
0.5931603,0.1393816
0.4996134,0.1062618
0.5463869,0.1062618
0.4528399,0.1062618
0.4060664,0.1062618
0.3592931,0.1062618
0.3125196,0.1062618
0.2657462,0.1062618
0.2189728,0.1062618
0.1721993,0.1062618
0.1254259,0.1062618
0.07865247,0.1062618
0.03187903,0.1062618
0.9205743,0.1062618
0.8738009,0.1062618
0.8270274,0.1062618
0.780254,0.1062618
0.7334805,0.1062618
0.6867071,0.1062618
0.6399337,0.1062618
0.5931603,0.1062618
0.4996134,0.07672476
0.5463869,0.07672476
0.4528399,0.07672476
0.4060664,0.07672476
0.3592931,0.07672476
0.3125196,0.07672476
0.2657462,0.07672476
0.2189728,0.07672476
0.1721993,0.07672476
0.1254259,0.07672476
0.07865247,0.07672476
0.03187903,0.07672476
0.9205743,0.07672476
0.8738009,0.07672476
0.8270274,0.07672476
0.780254,0.07672476
0.7334805,0.07672476
0.6867071,0.07672476
0.6399337,0.07672476
0.5931603,0.07672476
0.4996134,0.05149779
0.5463868,0.05149779
0.4528399,0.05149779
0.4060664,0.05149779
0.3592931,0.05149779
0.3125196,0.05149779
0.2657462,0.05149779
0.2189728,0.05149779
0.1721994,0.05149779
0.1254259,0.05149779
0.07865247,0.05149779
0.03187903,0.05149779
0.9205743,0.05149779
0.8738009,0.05149779
0.8270274,0.05149779
0.780254,0.05149779
0.7334805,0.05149779
0.6867071,0.05149779
0.6399337,0.05149779
0.5931602,0.05149779
0.4996134,0.03120198
0.5463868,0.03120198
0.4294532,0.03016432
0.3592931,0.03120198
0.289133,0.03016432
0.1955861,0.03016432
0.1020392,0.03016432
0.008492285,0.03016432
0.8504142,0.03016432
0.7568672,0.03016432
0.6633203,0.03016432
0.5931602,0.03120198
0.5463868,0.01631474
0.4060665,0.01550925
0.289133,0.01605523
0.1955861,0.01605523
0.1020392,0.01605523
0.008492285,0.01605523
0.8504142,0.01605523
0.7568672,0.01605523
0.6399337,0.01550925
0.03187903,0.746846
0.03187903,0.251763
0.4996134,0.746846
0.4996134,0.251763
0.5931602,0.746846
0.5463868,0.746846
0.6399337,0.746846
0.6867071,0.746846
0.7334805,0.746846
0.780254,0.746846
0.8270274,0.746846
0.8738009,0.746846
0.9205743,0.746846
0.9673477,0.746846
0.07865247,0.746846
0.03187903,0.78557
0.03187903,0.746846
0.1254259,0.746846
0.1721994,0.746846
0.2189728,0.746846
0.2657462,0.746846
0.3125196,0.746846
0.359293,0.746846
0.4060664,0.746846
0.4528399,0.746846
0.4996134,0.746846
0.03187903,0.8233405
0.03187903,0.8592274
0.03187903,0.8923472
0.03187907,0.9218842
0.03187907,0.9471112
0.05526581,0.9684448
0.008492285,0.9825538
0.05526599,0.9916386
0.3284246,0.9943874
0.3284246,0.9943874
0.3284246,0.9943874
0.3284246,0.9943874
0.3284246,0.9943874
0.4022327,0.004221556
0.4022327,0.004221556
0.9907345,0.006970431
0.4022327,0.004221556
0.4022327,0.004221556
0.4022327,0.004221556
0.5463869,0.251763
0.4996134,0.251763
0.4528399,0.251763
0.4060664,0.251763
0.359293,0.251763
0.3125196,0.251763
0.2657462,0.251763
0.2189728,0.251763
0.1721993,0.251763
0.1254259,0.251763
0.07865245,0.251763
0.03187903,0.251763
0.9673477,0.251763
0.9205743,0.251763
0.9673477,0.213039
0.8738009,0.251763
0.8270274,0.251763
0.780254,0.251763
0.7334805,0.251763
0.6867071,0.251763
0.6399337,0.251763
0.5931603,0.251763
0.9673477,0.1752685
0.9673477,0.1393816
0.9673477,0.1062618
0.9673477,0.07672476
0.9673477,0.05149779
0.943961,0.03016432
0.943961,0.01605523
0.9907345,0.006970431
