#vertices
-0.4755286,-1,-0.1545086
-0.4045088,-1,-0.2938928
-0.2938928,-1,-0.4045087
-0.1545086,-1,-0.4755285
0,-1,-0.5000002
0.1545086,-1,-0.4755285
0.2938927,-1,-0.4045087
0.4045086,-1,-0.2938927
0.4755284,-1,-0.1545085
0.5000001,-1,0
0.4755284,-1,0.1545085
0.4045086,-1,0.2938927
0.2938927,-1,0.4045086
0.1545085,-1,0.4755283
1.490116E-08,-1,0.5000001
-0.1545085,-1,0.4755283
-0.2938926,-1,0.4045085
-0.4045085,-1,0.2938927
-0.4755283,-1,0.1545085
-0.5,-1,0
-0.4755286,1,-0.1545086
-0.4045088,1,-0.2938928
-0.2938928,1,-0.4045087
-0.1545086,1,-0.4755285
0,1,-0.5000002
0.1545086,1,-0.4755285
0.2938927,1,-0.4045087
0.4045086,1,-0.2938927
0.4755284,1,-0.1545085
0.5000001,1,0
0.4755284,1,0.1545085
0.4045086,1,0.2938927
0.2938927,1,0.4045086
0.1545085,1,0.4755283
1.490116E-08,1,0.5000001
-0.1545085,1,0.4755283
-0.2938926,1,0.4045085
-0.4045085,1,0.2938927
-0.4755283,1,0.1545085
-0.5,1,0
0,-1,0
0,1,0
0.5000001,-1,0
0.5000001,1,0
-0.5,-1,0
-0.4755286,1,-0.1545086
-0.4755286,-1,-0.1545086
-0.5,1,0
-0.4045088,-1,-0.2938928
-0.4755286,-1,-0.1545086
-0.2938928,-1,-0.4045087
-0.1545086,-1,-0.4755285
0,-1,-0.5000002
0.1545086,-1,-0.4755285
0.2938927,-1,-0.4045087
0.4045086,-1,-0.2938927
0.4755284,-1,-0.1545085
0.5000001,-1,0
0.4755284,-1,0.1545085
0.4045086,-1,0.2938927
0.2938927,-1,0.4045086
0.1545085,-1,0.4755283
1.490116E-08,-1,0.5000001
-0.1545085,-1,0.4755283
-0.2938926,-1,0.4045085
-0.4045085,-1,0.2938927
-0.4755283,-1,0.1545085
-0.5,-1,0
-0.4755286,1,-0.1545086
-0.4045088,1,-0.2938928
-0.2938928,1,-0.4045087
-0.1545086,1,-0.4755285
0,1,-0.5000002
0.1545086,1,-0.4755285
0.2938927,1,-0.4045087
0.4045086,1,-0.2938927
0.4755284,1,-0.1545085
0.5000001,1,0
0.4755284,1,0.1545085
0.4045086,1,0.2938927
0.2938927,1,0.4045086
0.1545085,1,0.4755283
1.490116E-08,1,0.5000001
-0.1545085,1,0.4755283
-0.2938926,1,0.4045085
-0.4045085,1,0.2938927
-0.4755283,1,0.1545085
-0.5,1,0
#triangles
0
21
1
0
20
21
1
21
22
1
22
2
2
22
23
2
23
3
3
23
24
3
24
4
4
24
25
4
25
5
5
25
26
5
26
6
6
26
27
6
27
7
7
27
28
7
28
8
8
28
29
8
29
9
42
30
10
42
43
30
10
30
31
10
31
11
11
31
32
11
32
12
12
32
33
12
33
13
13
33
34
13
34
14
14
34
35
14
35
15
15
35
36
15
36
16
16
36
37
16
37
17
17
37
38
17
38
18
18
38
39
18
39
19
44
45
46
44
47
45
48
40
49
50
40
48
51
40
50
52
40
51
53
40
52
54
40
53
55
40
54
56
40
55
57
40
56
58
40
57
59
40
58
60
40
59
61
40
60
62
40
61
63
40
62
64
40
63
65
40
64
66
40
65
67
40
66
49
40
67
68
41
69
69
41
70
70
41
71
71
41
72
72
41
73
73
41
74
74
41
75
75
41
76
76
41
77
77
41
78
78
41
79
79
41
80
80
41
81
81
41
82
82
41
83
83
41
84
84
41
85
85
41
86
86
41
87
87
41
68
#normals
-0.9334423,0,-0.3587276
-0.776903,0,-0.6296204
-0.5443152,0,-0.8388808
-0.258446,0,-0.9660257
0.05272146,0,-0.9986092
0.3587284,0,-0.933442
0.6296204,0,-0.7769028
0.8388808,0,-0.5443152
0.9660257,0,-0.2584461
0.9986093,0,0.05272135
0.933442,0,0.3587283
0.7769029,0,0.6296204
0.5443153,0,0.8388808
0.2584461,0,0.9660256
-0.05272149,0,0.9986092
-0.3587283,0,0.933442
-0.6296203,0,0.776903
-0.8388807,0,0.5443152
-0.9660256,0,0.2584462
-0.9986093,0,-0.05272005
-0.9660261,0,-0.2584449
-0.8388807,0,-0.5443153
-0.6296201,0,-0.7769031
-0.3587281,0,-0.9334421
-0.05272127,0,-0.9986093
0.2584463,0,-0.9660256
0.5443155,0,-0.8388806
0.7769032,0,-0.6296201
0.9334421,0,-0.3587282
0.9986093,0,-0.05272135
0.9660256,0,0.2584462
0.8388806,0,0.5443155
0.6296202,0,0.7769031
0.3587282,0,0.9334421
0.05272129,0,0.9986093
-0.2584463,0,0.9660256
-0.5443152,0,0.8388807
-0.776903,0,0.6296203
-0.9334421,0,0.3587282
-0.9986092,0,0.05272201
0,-1,0
0,1,0
0.9986093,0,0.05272135
0.9986093,0,-0.05272135
-0.9986093,0,-0.05272005
-0.9660261,0,-0.2584449
-0.9334423,0,-0.3587276
-0.9986092,0,0.05272201
0,-1,0
0,-1,0
0,-1,0
0,-1,0
0,-1,0
0,-1,0
0,-1,0
0,-1,0
0,-1,0
0,-1,0
0,-1,0
0,-1,0
0,-1,0
0,-1,0
0,-1,0
0,-1,0
0,-1,0
0,-1,0
0,-1,0
0,-1,0
0,1,0
0,1,0
0,1,0
0,1,0
0,1,0
0,1,0
0,1,0
0,1,0
0,1,0
0,1,0
0,1,0
0,1,0
0,1,0
0,1,0
0,1,0
0,1,0
0,1,0
0,1,0
0,1,0
0,1,0
#uvs
0.1005999,0.0004537381
0.2005054,0.0004537381
0.300411,0.0004537381
0.4003165,0.0004537381
0.500222,0.0004537381
0.6001273,0.0004537381
0.7000327,0.0004537381
0.799938,0.0004537381
0.8998432,0.0004537381
0.999749,0.0004537381
0.1005993,0.0004537381
0.200505,0.0004537381
0.3004106,0.0004537381
0.400316,0.0004537381
0.5002215,0.0004537381
0.6001268,0.0004537381
0.7000322,0.0004537381
0.7999375,0.0004537381
0.8998428,0.0004537381
0.9997481,0.0004537381
0.1005996,0.9994308
0.2005053,0.9994308
0.300411,0.9994308
0.4003165,0.9994308
0.500222,0.9994308
0.6001273,0.9994308
0.7000328,0.9994308
0.7999381,0.9994308
0.8998435,0.9994308
0.9997491,0.9994308
0.1005996,0.9994308
0.2005051,0.9994308
0.3004106,0.9994308
0.400316,0.9994308
0.5002215,0.9994308
0.6001268,0.9994308
0.7000321,0.9994308
0.7999371,0.9994308
0.8998424,0.9994308
0.9997478,0.9994308
0.5002239,0.4999443
0.5002245,0.4999442
0.0006936856,0.0004537381
0.0006940446,0.9994308
0.00069427,0.0004537381
0.1005996,0.9994308
0.1005999,0.0004537381
0.0006939089,0.9994308
0.0988569,0.7915539
0.02838877,0.6532523
0.2086136,0.9013107
0.3469154,0.971779
0.500224,0.9960608
0.6535327,0.971779
0.7918344,0.9013106
0.901591,0.7915536
0.9720588,0.6532521
0.9963405,0.4999437
0.9720586,0.3466355
0.9015904,0.2083341
0.7918337,0.09857755
0.653532,0.02810944
0.5002234,0.003827875
0.346915,0.02810972
0.2086136,0.09857795
0.09885708,0.2083347
0.02838913,0.3466361
0.004107505,0.4999442
0.9720596,0.6532523
0.9015915,0.7915539
0.7918347,0.9013107
0.653533,0.971779
0.5002243,0.9960608
0.3469157,0.971779
0.2086142,0.9013106
0.0988576,0.7915537
0.0283896,0.6532522
0.004108027,0.4999439
0.02838971,0.3466356
0.09885782,0.2083341
0.2086144,0.09857755
0.3469159,0.02810938
0.5002242,0.003827723
0.6535327,0.02810941
0.7918344,0.09857755
0.901591,0.2083343
0.9720591,0.3466357
0.9963408,0.4999439
