#vertices
-0.07438906,-0.4938442,-0.02417047
-0.06327911,-0.4938442,-0.04597497
-0.04597497,-0.4938442,-0.06327911
-0.02417047,-0.4938442,-0.07438906
0,-0.4938442,-0.07821728
0.02417047,-0.4938442,-0.07438905
0.04597496,-0.4938442,-0.0632791
0.06327909,-0.4938442,-0.04597495
0.07438903,-0.4938442,-0.02417046
0.07821726,-0.4938442,0
0.07438903,-0.4938442,0.02417046
0.06327909,-0.4938442,0.04597495
0.04597495,-0.4938442,0.06327908
0.02417046,-0.4938442,0.07438903
2.331055E-09,-0.4938442,0.07821725
-0.02417045,-0.4938442,0.07438902
-0.04597494,-0.4938442,0.06327908
-0.06327908,-0.4938442,0.04597494
-0.07438902,-0.4938442,0.02417046
-0.07821724,-0.4938442,0
-0.1469464,-0.4755283,-0.04774578
-0.1250001,-0.4755283,-0.09081787
-0.09081787,-0.4755283,-0.1250001
-0.04774578,-0.4755283,-0.1469464
0,-0.4755283,-0.1545086
0.04774578,-0.4755283,-0.1469464
0.09081785,-0.4755283,-0.125
0.125,-0.4755283,-0.09081785
0.1469464,-0.4755283,-0.04774576
0.1545085,-0.4755283,0
0.1469464,-0.4755283,0.04774576
0.125,-0.4755283,0.09081784
0.09081784,-0.4755283,0.125
0.04774576,-0.4755283,0.1469463
4.604712E-09,-0.4755283,0.1545085
-0.04774575,-0.4755283,0.1469463
-0.09081782,-0.4755283,0.125
-0.125,-0.4755283,0.09081782
-0.1469463,-0.4755283,0.04774575
-0.1545085,-0.4755283,0
-0.2158855,-0.4455033,-0.07014544
-0.1836431,-0.4455033,-0.1334246
-0.1334246,-0.4455033,-0.1836431
-0.07014543,-0.4455033,-0.2158854
0,-0.4455033,-0.2269954
0.07014543,-0.4455033,-0.2158854
0.1334245,-0.4455033,-0.1836431
0.1836431,-0.4455033,-0.1334245
0.2158854,-0.4455033,-0.07014541
0.2269953,-0.4455033,0
0.2158854,-0.4455033,0.07014541
0.1836431,-0.4455033,0.1334245
0.1334245,-0.4455033,0.1836431
0.07014541,-0.4455033,0.2158854
6.764986E-09,-0.4455033,0.2269953
-0.07014539,-0.4455033,0.2158853
-0.1334245,-0.4455033,0.183643
-0.183643,-0.4455033,0.1334245
-0.2158853,-0.4455033,0.0701454
-0.2269953,-0.4455033,0
-0.2795087,-0.4045085,-0.09081787
-0.2377643,-0.4045085,-0.1727459
-0.1727459,-0.4045085,-0.2377643
-0.09081786,-0.4045085,-0.2795087
0,-0.4045085,-0.2938928
0.09081786,-0.4045085,-0.2795086
0.1727458,-0.4045085,-0.2377642
0.2377642,-0.4045085,-0.1727458
0.2795086,-0.4045085,-0.09081783
0.2938927,-0.4045085,0
0.2795086,-0.4045085,0.09081783
0.2377642,-0.4045085,0.1727458
0.1727458,-0.4045085,0.2377642
0.09081783,-0.4045085,0.2795085
8.758683E-09,-0.4045085,0.2938927
-0.09081781,-0.4045085,0.2795085
-0.1727457,-0.4045085,0.2377641
-0.2377641,-0.4045085,0.1727458
-0.2795085,-0.4045085,0.09081782
-0.2938926,-0.4045085,0
-0.3362495,-0.3535534,-0.1092541
-0.2860309,-0.3535534,-0.2078136
-0.2078136,-0.3535534,-0.2860309
-0.1092541,-0.3535534,-0.3362494
0,-0.3535534,-0.3535536
0.1092541,-0.3535534,-0.3362494
0.2078135,-0.3535534,-0.2860308
0.2860308,-0.3535534,-0.2078135
0.3362494,-0.3535534,-0.109254
0.3535535,-0.3535534,0
0.3362494,-0.3535534,0.109254
0.2860308,-0.3535534,0.2078135
0.2078135,-0.3535534,0.2860307
0.109254,-0.3535534,0.3362493
1.053671E-08,-0.3535534,0.3535534
-0.109254,-0.3535534,0.3362493
-0.2078135,-0.3535534,0.2860307
-0.2860307,-0.3535534,0.2078135
-0.3362493,-0.3535534,0.109254
-0.3535534,-0.3535534,0
-0.3847107,-0.2938926,-0.1250001
-0.3272545,-0.2938926,-0.2377643
-0.2377643,-0.2938926,-0.3272544
-0.1250001,-0.2938926,-0.3847106
0,-0.2938926,-0.4045087
0.1250001,-0.2938926,-0.3847106
0.2377642,-0.2938926,-0.3272544
0.3272544,-0.2938926,-0.2377642
0.3847106,-0.2938926,-0.125
0.4045086,-0.2938926,0
0.3847106,-0.2938926,0.125
0.3272543,-0.2938926,0.2377642
0.2377642,-0.2938926,0.3272543
0.125,-0.2938926,0.3847105
1.205529E-08,-0.2938926,0.4045086
-0.125,-0.2938926,0.3847105
-0.2377641,-0.2938926,0.3272543
-0.3272543,-0.2938926,0.2377641
-0.3847105,-0.2938926,0.125
-0.4045085,-0.2938926,0
-0.4236991,-0.2269953,-0.1376682
-0.36042,-0.2269953,-0.2618604
-0.2618604,-0.2269953,-0.3604199
-0.1376681,-0.2269953,-0.423699
0,-0.2269953,-0.4455035
0.1376681,-0.2269953,-0.423699
0.2618603,-0.2269953,-0.3604198
0.3604198,-0.2269953,-0.2618603
0.4236989,-0.2269953,-0.1376681
0.4455034,-0.2269953,0
0.4236989,-0.2269953,0.1376681
0.3604198,-0.2269953,0.2618603
0.2618603,-0.2269953,0.3604198
0.1376681,-0.2269953,0.4236988
1.327703E-08,-0.2269953,0.4455033
-0.1376681,-0.2269953,0.4236988
-0.2618603,-0.2269953,0.3604198
-0.3604197,-0.2269953,0.2618603
-0.4236988,-0.2269953,0.1376681
-0.4455033,-0.2269953,0
-0.4522546,-0.1545085,-0.1469464
-0.3847107,-0.1545085,-0.2795087
-0.2795087,-0.1545085,-0.3847107
-0.1469464,-0.1545085,-0.4522545
0,-0.1545085,-0.4755285
0.1469464,-0.1545085,-0.4522545
0.2795086,-0.1545085,-0.3847106
0.3847106,-0.1545085,-0.2795086
0.4522544,-0.1545085,-0.1469464
0.4755284,-0.1545085,0
0.4522544,-0.1545085,0.1469464
0.3847106,-0.1545085,0.2795086
0.2795086,-0.1545085,0.3847105
0.1469464,-0.1545085,0.4522543
1.417185E-08,-0.1545085,0.4755283
-0.1469463,-0.1545085,0.4522543
-0.2795085,-0.1545085,0.3847105
-0.3847105,-0.1545085,0.2795085
-0.4522543,-0.1545085,0.1469463
-0.4755283,-0.1545085,0
-0.469674,-0.07821719,-0.1526063
-0.3995286,-0.07821719,-0.2902745
-0.2902745,-0.07821719,-0.3995286
-0.1526063,-0.07821719,-0.469674
0,-0.07821719,-0.4938444
0.1526063,-0.07821719,-0.4696739
0.2902744,-0.07821719,-0.3995285
0.3995284,-0.07821719,-0.2902744
0.4696738,-0.07821719,-0.1526063
0.4938443,-0.07821719,0
0.4696738,-0.07821719,0.1526063
0.3995284,-0.07821719,0.2902744
0.2902744,-0.07821719,0.3995284
0.1526063,-0.07821719,0.4696738
1.47177E-08,-0.07821719,0.4938442
-0.1526062,-0.07821719,0.4696738
-0.2902743,-0.07821719,0.3995284
-0.3995283,-0.07821719,0.2902744
-0.4696738,-0.07821719,0.1526062
-0.4938442,-0.07821719,0
-0.4755286,0,-0.1545086
-0.4045088,0,-0.2938928
-0.2938928,0,-0.4045087
-0.1545086,0,-0.4755285
0,0,-0.5000002
0.1545086,0,-0.4755285
0.2938927,0,-0.4045087
0.4045086,0,-0.2938927
0.4755284,0,-0.1545085
0.5000001,0,0
0.4755284,0,0.1545085
0.4045086,0,0.2938927
0.2938927,0,0.4045086
0.1545085,0,0.4755283
1.490116E-08,0,0.5000001
-0.1545085,0,0.4755283
-0.2938926,0,0.4045085
-0.4045085,0,0.2938927
-0.4755283,0,0.1545085
-0.5,0,0
-0.469674,0.07821719,-0.1526063
-0.3995286,0.07821719,-0.2902745
-0.2902745,0.07821719,-0.3995286
-0.1526063,0.07821719,-0.469674
0,0.07821719,-0.4938444
0.1526063,0.07821719,-0.4696739
0.2902744,0.07821719,-0.3995285
0.3995284,0.07821719,-0.2902744
0.4696738,0.07821719,-0.1526063
0.4938443,0.07821719,0
0.4696738,0.07821719,0.1526063
0.3995284,0.07821719,0.2902744
0.2902744,0.07821719,0.3995284
0.1526063,0.07821719,0.4696738
1.47177E-08,0.07821719,0.4938442
-0.1526062,0.07821719,0.4696738
-0.2902743,0.07821719,0.3995284
-0.3995283,0.07821719,0.2902744
-0.4696738,0.07821719,0.1526062
-0.4938442,0.07821719,0
-0.4522546,0.1545085,-0.1469464
-0.3847107,0.1545085,-0.2795087
-0.2795087,0.1545085,-0.3847107
-0.1469464,0.1545085,-0.4522545
0,0.1545085,-0.4755285
0.1469464,0.1545085,-0.4522545
0.2795086,0.1545085,-0.3847106
0.3847106,0.1545085,-0.2795086
0.4522544,0.1545085,-0.1469464
0.4755284,0.1545085,0
0.4522544,0.1545085,0.1469464
0.3847106,0.1545085,0.2795086
0.2795086,0.1545085,0.3847105
0.1469464,0.1545085,0.4522543
1.417185E-08,0.1545085,0.4755283
-0.1469463,0.1545085,0.4522543
-0.2795085,0.1545085,0.3847105
-0.3847105,0.1545085,0.2795085
-0.4522543,0.1545085,0.1469463
-0.4755283,0.1545085,0
-0.4236991,0.2269953,-0.1376682
-0.36042,0.2269953,-0.2618604
-0.2618604,0.2269953,-0.3604199
-0.1376681,0.2269953,-0.423699
0,0.2269953,-0.4455035
0.1376681,0.2269953,-0.423699
0.2618603,0.2269953,-0.3604198
0.3604198,0.2269953,-0.2618603
0.4236989,0.2269953,-0.1376681
0.4455034,0.2269953,0
0.4236989,0.2269953,0.1376681
0.3604198,0.2269953,0.2618603
0.2618603,0.2269953,0.3604198
0.1376681,0.2269953,0.4236988
1.327703E-08,0.2269953,0.4455033
-0.1376681,0.2269953,0.4236988
-0.2618603,0.2269953,0.3604198
-0.3604197,0.2269953,0.2618603
-0.4236988,0.2269953,0.1376681
-0.4455033,0.2269953,0
-0.3847107,0.2938926,-0.1250001
-0.3272545,0.2938926,-0.2377643
-0.2377643,0.2938926,-0.3272544
-0.1250001,0.2938926,-0.3847106
0,0.2938926,-0.4045087
0.1250001,0.2938926,-0.3847106
0.2377642,0.2938926,-0.3272544
0.3272544,0.2938926,-0.2377642
0.3847106,0.2938926,-0.125
0.4045086,0.2938926,0
0.3847106,0.2938926,0.125
0.3272543,0.2938926,0.2377642
0.2377642,0.2938926,0.3272543
0.125,0.2938926,0.3847105
1.205529E-08,0.2938926,0.4045086
-0.125,0.2938926,0.3847105
-0.2377641,0.2938926,0.3272543
-0.3272543,0.2938926,0.2377641
-0.3847105,0.2938926,0.125
-0.4045085,0.2938926,0
-0.3362495,0.3535534,-0.1092541
-0.2860309,0.3535534,-0.2078136
-0.2078136,0.3535534,-0.2860309
-0.1092541,0.3535534,-0.3362494
0,0.3535534,-0.3535536
0.1092541,0.3535534,-0.3362494
0.2078135,0.3535534,-0.2860308
0.2860308,0.3535534,-0.2078135
0.3362494,0.3535534,-0.109254
0.3535535,0.3535534,0
0.3362494,0.3535534,0.109254
0.2860308,0.3535534,0.2078135
0.2078135,0.3535534,0.2860307
0.109254,0.3535534,0.3362493
1.053671E-08,0.3535534,0.3535534
-0.109254,0.3535534,0.3362493
-0.2078135,0.3535534,0.2860307
-0.2860307,0.3535534,0.2078135
-0.3362493,0.3535534,0.109254
-0.3535534,0.3535534,0
-0.2795087,0.4045085,-0.09081787
-0.2377643,0.4045085,-0.1727459
-0.1727459,0.4045085,-0.2377643
-0.09081786,0.4045085,-0.2795087
0,0.4045085,-0.2938928
0.09081786,0.4045085,-0.2795086
0.1727458,0.4045085,-0.2377642
0.2377642,0.4045085,-0.1727458
0.2795086,0.4045085,-0.09081783
0.2938927,0.4045085,0
0.2795086,0.4045085,0.09081783
0.2377642,0.4045085,0.1727458
0.1727458,0.4045085,0.2377642
0.09081783,0.4045085,0.2795085
8.758683E-09,0.4045085,0.2938927
-0.09081781,0.4045085,0.2795085
-0.1727457,0.4045085,0.2377641
-0.2377641,0.4045085,0.1727458
-0.2795085,0.4045085,0.09081782
-0.2938926,0.4045085,0
-0.2158855,0.4455033,-0.07014544
-0.1836431,0.4455033,-0.1334246
-0.1334246,0.4455033,-0.1836431
-0.07014543,0.4455033,-0.2158854
0,0.4455033,-0.2269954
0.07014543,0.4455033,-0.2158854
0.1334245,0.4455033,-0.1836431
0.1836431,0.4455033,-0.1334245
0.2158854,0.4455033,-0.07014541
0.2269953,0.4455033,0
0.2158854,0.4455033,0.07014541
0.1836431,0.4455033,0.1334245
0.1334245,0.4455033,0.1836431
0.07014541,0.4455033,0.2158854
6.764986E-09,0.4455033,0.2269953
-0.07014539,0.4455033,0.2158853
-0.1334245,0.4455033,0.183643
-0.183643,0.4455033,0.1334245
-0.2158853,0.4455033,0.0701454
-0.2269953,0.4455033,0
-0.1469464,0.4755283,-0.04774578
-0.1250001,0.4755283,-0.09081787
-0.09081787,0.4755283,-0.1250001
-0.04774578,0.4755283,-0.1469464
0,0.4755283,-0.1545086
0.04774578,0.4755283,-0.1469464
0.09081785,0.4755283,-0.125
0.125,0.4755283,-0.09081785
0.1469464,0.4755283,-0.04774576
0.1545085,0.4755283,0
0.1469464,0.4755283,0.04774576
0.125,0.4755283,0.09081784
0.09081784,0.4755283,0.125
0.04774576,0.4755283,0.1469463
4.604712E-09,0.4755283,0.1545085
-0.04774575,0.4755283,0.1469463
-0.09081782,0.4755283,0.125
-0.125,0.4755283,0.09081782
-0.1469463,0.4755283,0.04774575
-0.1545085,0.4755283,0
-0.07438906,0.4938442,-0.02417047
-0.06327911,0.4938442,-0.04597497
-0.04597497,0.4938442,-0.06327911
-0.02417047,0.4938442,-0.07438906
0,0.4938442,-0.07821728
0.02417047,0.4938442,-0.07438905
0.04597496,0.4938442,-0.0632791
0.06327909,0.4938442,-0.04597495
0.07438903,0.4938442,-0.02417046
0.07821726,0.4938442,0
0.07438903,0.4938442,0.02417046
0.06327909,0.4938442,0.04597495
0.04597495,0.4938442,0.06327908
0.02417046,0.4938442,0.07438903
2.331055E-09,0.4938442,0.07821725
-0.02417045,0.4938442,0.07438902
-0.04597494,0.4938442,0.06327908
-0.06327908,0.4938442,0.04597494
-0.07438902,0.4938442,0.02417046
-0.07821724,0.4938442,0
0,-0.5,0
0,0.5,0
-0.1469464,-0.4755283,-0.04774578
-0.07438906,-0.4938442,-0.02417047
-0.2158855,-0.4455033,-0.07014544
-0.2795087,-0.4045085,-0.09081787
-0.3362495,-0.3535534,-0.1092541
-0.3362495,-0.3535534,-0.1092541
-0.2860309,-0.3535534,-0.2078136
-0.2860309,-0.3535534,-0.2078136
-0.2078136,-0.3535534,-0.2860309
-0.3272545,-0.2938926,-0.2377643
-0.1092541,-0.3535534,-0.3362494
0,-0.3535534,-0.3535536
0.1092541,-0.3535534,-0.3362494
0.2078135,-0.3535534,-0.2860308
0.2860308,-0.3535534,-0.2078135
0.2860308,-0.3535534,-0.2078135
0.3362494,-0.3535534,-0.109254
0.3272544,-0.2938926,-0.2377642
0.3535535,-0.3535534,0
0.3362494,-0.3535534,0.109254
0.2860308,-0.3535534,0.2078135
0.2860308,-0.3535534,0.2078135
0.2078135,-0.3535534,0.2860307
0.3272543,-0.2938926,0.2377642
0.109254,-0.3535534,0.3362493
1.053671E-08,-0.3535534,0.3535534
-0.109254,-0.3535534,0.3362493
-0.2078135,-0.3535534,0.2860307
-0.2860307,-0.3535534,0.2078135
-0.2860307,-0.3535534,0.2078135
-0.3362493,-0.3535534,0.109254
-0.3272543,-0.2938926,0.2377641
-0.3535534,-0.3535534,0
-0.3847107,-0.2938926,-0.1250001
-0.3362495,-0.3535534,-0.1092541
-0.36042,-0.2269953,-0.2618604
0.3604198,-0.2269953,-0.2618603
0.3604198,-0.2269953,0.2618603
-0.3604197,-0.2269953,0.2618603
-0.4236991,-0.2269953,-0.1376682
-0.3847107,-0.1545085,-0.2795087
0.3847106,-0.1545085,-0.2795086
0.3847106,-0.1545085,0.2795086
-0.3847105,-0.1545085,0.2795085
-0.4522546,-0.1545085,-0.1469464
-0.3995286,-0.07821719,-0.2902745
0.3995284,-0.07821719,-0.2902744
0.3995284,-0.07821719,0.2902744
-0.3995283,-0.07821719,0.2902744
-0.469674,-0.07821719,-0.1526063
-0.4045088,0,-0.2938928
0.4045086,0,-0.2938927
0.4045086,0,0.2938927
-0.4045085,0,0.2938927
-0.4755286,0,-0.1545086
-0.3995286,0.07821719,-0.2902745
0.3995284,0.07821719,-0.2902744
0.3995284,0.07821719,0.2902744
-0.3995283,0.07821719,0.2902744
-0.469674,0.07821719,-0.1526063
-0.3847107,0.1545085,-0.2795087
0.3847106,0.1545085,-0.2795086
0.3847106,0.1545085,0.2795086
-0.3847105,0.1545085,0.2795085
-0.4522546,0.1545085,-0.1469464
-0.36042,0.2269953,-0.2618604
0.3604198,0.2269953,-0.2618603
0.3604198,0.2269953,0.2618603
-0.3604197,0.2269953,0.2618603
-0.4236991,0.2269953,-0.1376682
-0.3272545,0.2938926,-0.2377643
0.3272544,0.2938926,-0.2377642
0.3272543,0.2938926,0.2377642
-0.3272543,0.2938926,0.2377641
-0.3847107,0.2938926,-0.1250001
-0.2860309,0.3535534,-0.2078136
0.2860308,0.3535534,-0.2078135
0.2860308,0.3535534,0.2078135
-0.2860307,0.3535534,0.2078135
-0.3362495,0.3535534,-0.1092541
-0.3362495,0.3535534,-0.1092541
-0.2860309,0.3535534,-0.2078136
-0.2078136,0.3535534,-0.2860309
-0.1092541,0.3535534,-0.3362494
0,0.3535534,-0.3535536
0.1092541,0.3535534,-0.3362494
0.2078135,0.3535534,-0.2860308
0.2860308,0.3535534,-0.2078135
0.3362494,0.3535534,-0.109254
0.3535535,0.3535534,0
0.3362494,0.3535534,0.109254
0.2860308,0.3535534,0.2078135
0.2078135,0.3535534,0.2860307
0.109254,0.3535534,0.3362493
1.053671E-08,0.3535534,0.3535534
-0.109254,0.3535534,0.3362493
-0.2078135,0.3535534,0.2860307
-0.2860307,0.3535534,0.2078135
-0.3362493,0.3535534,0.109254
-0.3535534,0.3535534,0
-0.2795087,0.4045085,-0.09081787
-0.3362495,0.3535534,-0.1092541
-0.2158855,0.4455033,-0.07014544
-0.1469464,0.4755283,-0.04774578
-0.07438906,0.4938442,-0.02417047
0,-0.5,0
0,-0.5,0
0,-0.5,0
0,-0.5,0
0,-0.5,0
0,-0.5,0
0,-0.5,0
0,-0.5,0
0,-0.5,0
0,-0.5,0
0,-0.5,0
0,-0.5,0
0,-0.5,0
0,-0.5,0
0,-0.5,0
0,-0.5,0
0,-0.5,0
0,-0.5,0
0,-0.5,0
0,0.5,0
0,0.5,0
0,0.5,0
0,0.5,0
0,0.5,0
0,0.5,0
0,0.5,0
0,0.5,0
0,0.5,0
0,0.5,0
0,0.5,0
0,0.5,0
0,0.5,0
0,0.5,0
0,0.5,0
0,0.5,0
0,0.5,0
0,0.5,0
0,0.5,0
#triangles
0
21
1
0
20
21
1
21
22
1
22
2
2
22
23
2
23
3
3
23
24
3
24
4
4
24
25
4
25
5
5
25
26
5
26
6
6
26
27
6
27
7
7
27
28
7
28
8
8
28
29
8
29
9
9
29
30
9
30
10
10
30
31
10
31
11
11
31
32
11
32
12
12
32
33
12
33
13
13
33
34
13
34
14
14
34
35
14
35
15
15
35
36
15
36
16
16
36
37
16
37
17
17
37
38
17
38
18
18
38
39
18
39
19
19
39
382
19
382
383
33
54
34
34
55
35
34
54
55
35
56
36
35
55
56
36
57
37
36
56
57
37
58
38
37
57
58
38
59
39
38
58
59
39
384
382
39
59
384
54
75
55
54
74
75
53
74
54
33
53
54
32
53
33
32
52
53
31
52
32
31
51
52
30
51
31
30
50
51
29
50
30
29
49
50
28
49
29
28
48
49
27
48
28
27
47
48
26
47
27
26
46
47
25
46
26
25
45
46
24
45
25
24
44
45
23
44
24
23
43
44
22
43
23
22
42
43
21
42
22
21
41
42
20
41
21
20
40
41
40
61
41
40
60
61
41
62
42
41
61
62
42
63
43
42
62
63
43
64
44
43
63
64
44
65
45
44
64
65
45
65
66
45
66
46
46
66
67
46
67
47
47
67
68
47
68
48
48
68
69
48
69
49
49
69
70
49
70
50
50
70
71
50
71
51
51
71
72
51
72
52
52
72
73
52
73
53
53
73
74
67
88
68
67
87
88
68
89
69
68
88
89
69
90
70
69
89
90
70
91
71
70
90
91
71
92
72
71
91
92
72
93
73
72
92
93
73
94
74
73
93
94
74
94
95
74
95
75
75
95
96
75
96
76
55
75
76
55
76
56
56
76
77
56
77
57
57
77
78
57
78
58
58
78
79
58
79
59
59
79
385
59
385
384
76
97
77
76
96
97
77
98
78
77
97
98
78
99
79
78
98
99
79
386
385
79
99
386
60
81
61
60
80
81
61
81
82
61
82
62
62
82
83
62
83
63
63
83
84
63
84
64
64
84
85
64
85
65
65
85
86
65
86
66
66
86
87
66
87
67
387
101
388
387
100
101
100
121
101
100
120
121
120
141
121
120
140
141
140
161
141
140
160
161
160
181
161
160
180
181
180
201
181
180
200
201
200
221
201
200
220
221
220
241
221
220
240
241
240
261
241
240
260
261
260
281
261
260
280
281
389
102
390
389
391
102
390
102
103
390
103
392
392
103
104
392
104
393
393
104
105
393
105
394
394
105
106
394
106
395
395
106
107
395
107
396
391
122
102
391
417
122
102
123
103
102
122
123
103
124
104
103
123
124
104
125
105
104
124
125
105
126
106
105
125
126
106
127
107
106
126
127
417
142
122
417
422
142
122
143
123
122
142
143
123
144
124
123
143
144
124
145
125
124
144
145
125
146
126
125
145
146
126
147
127
126
146
147
422
162
142
422
427
162
142
163
143
142
162
163
143
164
144
143
163
164
144
165
145
144
164
165
145
166
146
145
165
166
146
167
147
146
166
167
427
182
162
427
432
182
162
183
163
162
182
183
163
184
164
163
183
184
164
185
165
164
184
185
165
186
166
165
185
186
166
187
167
166
186
187
432
202
182
432
437
202
182
203
183
182
202
203
183
204
184
183
203
204
184
205
185
184
204
205
185
206
186
185
205
206
186
207
187
186
206
207
437
222
202
437
442
222
202
223
203
202
222
223
203
224
204
203
223
224
204
225
205
204
224
225
205
226
206
205
225
226
206
227
207
206
226
227
442
242
222
442
447
242
222
243
223
222
242
243
223
244
224
223
243
244
224
245
225
224
244
245
225
246
226
225
245
246
226
247
227
226
246
247
447
262
242
447
452
262
242
263
243
242
262
263
243
264
244
243
263
264
244
265
245
244
264
265
245
266
246
245
265
266
246
267
247
246
266
267
452
282
262
452
457
282
262
283
263
262
282
283
263
284
264
263
283
284
264
285
265
264
284
285
265
286
266
265
285
286
266
287
267
266
286
287
397
108
398
397
399
108
398
108
109
398
109
400
400
109
110
400
110
401
401
110
111
401
111
402
399
128
108
399
418
128
108
129
109
108
128
129
109
130
110
109
129
130
110
131
111
110
130
131
418
148
128
418
423
148
128
149
129
128
148
149
129
150
130
129
149
150
130
151
131
130
150
151
423
168
148
423
428
168
148
169
149
148
168
169
149
170
150
149
169
170
150
171
151
150
170
171
428
188
168
428
433
188
168
189
169
168
188
189
169
190
170
169
189
190
170
191
171
170
190
191
433
208
188
433
438
208
188
209
189
188
208
209
189
210
190
189
209
210
190
211
191
190
210
211
438
228
208
438
443
228
208
229
209
208
228
229
209
230
210
209
229
230
210
231
211
210
230
231
443
248
228
443
448
248
228
249
229
228
248
249
229
250
230
229
249
250
230
251
231
230
250
251
448
268
248
448
453
268
248
269
249
248
268
269
249
270
250
249
269
270
250
271
251
250
270
271
453
288
268
453
458
288
268
289
269
268
288
289
269
290
270
269
289
290
270
291
271
270
290
291
403
112
404
403
405
112
404
112
113
404
113
406
406
113
114
406
114
407
407
114
115
407
115
408
408
115
116
408
116
409
409
116
117
409
117
410
405
132
112
405
419
132
112
133
113
112
132
133
113
134
114
113
133
134
114
135
115
114
134
135
115
136
116
115
135
136
116
137
117
116
136
137
419
152
132
419
424
152
132
153
133
132
152
153
133
154
134
133
153
154
134
155
135
134
154
155
135
156
136
135
155
156
136
157
137
136
156
157
424
172
152
424
429
172
152
173
153
152
172
173
153
174
154
153
173
174
154
175
155
154
174
175
155
176
156
155
175
176
156
177
157
156
176
177
429
192
172
429
434
192
172
193
173
172
192
193
173
194
174
173
193
194
174
195
175
174
194
195
175
196
176
175
195
196
176
197
177
176
196
197
434
212
192
434
439
212
192
213
193
192
212
213
193
214
194
193
213
214
194
215
195
194
214
215
195
216
196
195
215
216
196
217
197
196
216
217
439
232
212
439
444
232
212
233
213
212
232
233
213
234
214
213
233
234
214
235
215
214
234
235
215
236
216
215
235
236
216
237
217
216
236
237
444
252
232
444
449
252
232
253
233
232
252
253
233
254
234
233
253
254
234
255
235
234
254
255
235
256
236
235
255
256
236
257
237
236
256
257
449
272
252
449
454
272
252
273
253
252
272
273
253
274
254
253
273
274
254
275
255
254
274
275
255
276
256
255
275
276
256
277
257
256
276
277
454
292
272
454
459
292
272
293
273
272
292
293
273
294
274
273
293
294
274
295
275
274
294
295
275
296
276
275
295
296
276
297
277
276
296
297
411
118
412
411
413
118
412
118
119
412
119
414
414
119
415
414
415
416
413
138
118
413
420
138
118
139
119
118
138
139
119
421
415
119
139
421
420
158
138
420
425
158
138
159
139
138
158
159
139
426
421
139
159
426
425
178
158
425
430
178
158
179
159
158
178
179
159
431
426
159
179
431
430
198
178
430
435
198
178
199
179
178
198
199
179
436
431
179
199
436
435
218
198
435
440
218
198
219
199
198
218
219
199
441
436
199
219
441
440
238
218
440
445
238
218
239
219
218
238
239
219
446
441
219
239
446
445
258
238
445
450
258
238
259
239
238
258
259
239
451
446
239
259
451
450
278
258
450
455
278
258
279
259
258
278
279
259
456
451
259
279
456
455
298
278
455
460
298
278
299
279
278
298
299
279
461
456
279
299
461
462
301
463
462
300
301
463
301
302
463
302
464
464
302
303
464
303
465
465
303
304
465
304
466
466
304
305
466
305
467
467
305
306
467
306
468
468
306
307
468
307
469
469
307
308
469
308
470
470
308
309
470
309
471
471
309
310
471
310
472
472
310
311
472
311
473
473
311
312
473
312
474
474
312
313
474
313
475
475
313
314
475
314
476
476
314
315
476
315
477
477
315
316
477
316
478
478
316
317
478
317
479
479
317
318
479
318
480
480
318
319
480
319
481
481
319
482
481
482
483
313
334
314
314
335
315
314
334
335
315
336
316
315
335
336
316
337
317
316
336
337
317
338
318
317
337
338
318
339
319
318
338
339
319
484
482
319
339
484
334
355
335
334
354
355
333
354
334
313
333
334
312
333
313
312
332
333
311
332
312
311
331
332
310
331
311
310
330
331
309
330
310
309
329
330
308
329
309
308
328
329
307
328
308
307
327
328
306
327
307
306
326
327
305
326
306
305
325
326
304
325
305
304
324
325
303
324
304
303
323
324
302
323
303
302
322
323
301
322
302
301
321
322
300
321
301
300
320
321
320
341
321
320
340
341
321
342
322
321
341
342
322
343
323
322
342
343
323
344
324
323
343
344
324
345
325
324
344
345
325
345
346
325
346
326
326
346
347
326
347
327
327
347
348
327
348
328
328
348
349
328
349
329
329
349
350
329
350
330
330
350
351
330
351
331
331
351
352
331
352
332
332
352
353
332
353
333
333
353
354
347
368
348
347
367
368
348
369
349
348
368
369
349
370
350
349
369
370
350
371
351
350
370
371
351
372
352
351
371
372
352
373
353
352
372
373
353
374
354
353
373
374
354
374
375
354
375
355
355
375
376
355
376
356
335
355
356
335
356
336
336
356
357
336
357
337
337
357
358
337
358
338
338
358
359
338
359
339
339
359
485
339
485
484
356
377
357
356
376
377
357
378
358
357
377
378
358
379
359
358
378
379
359
486
485
359
379
486
376
521
377
377
522
378
378
523
379
379
524
486
340
361
341
340
360
361
341
361
362
341
362
342
342
362
363
342
363
343
343
363
364
343
364
344
344
364
365
344
365
345
345
365
366
345
366
346
346
366
367
346
367
347
360
381
361
361
506
362
362
507
363
363
508
364
364
509
365
365
510
366
366
511
367
367
512
368
368
513
369
369
514
370
370
515
371
371
516
372
372
517
373
373
518
374
374
519
375
375
520
376
1
380
0
2
487
1
3
488
2
4
489
3
5
490
4
6
491
5
7
492
6
8
493
7
9
494
8
10
495
9
11
496
10
12
497
11
13
498
12
14
499
13
15
500
14
16
501
15
17
502
16
18
503
17
19
504
18
383
505
19
#normals
-0.161226,-0.9850809,-0.06018174
-0.1347378,-0.9850809,-0.107058
-0.09506057,-0.9850809,-0.1434545
-0.0460781,-0.9850809,-0.1658086
0.007414788,-0.9850809,-0.1719323
0.0601819,-0.9850809,-0.161226
0.107058,-0.9850809,-0.1347379
0.1434545,-0.9850809,-0.09506059
0.1658087,-0.9850809,-0.04607815
0.1719324,-0.9850809,0.007414758
0.1612261,-0.9850809,0.06018189
0.1347379,-0.9850809,0.107058
0.0950606,-0.9850809,0.1434545
0.04607813,-0.9850809,0.1658087
-0.007414797,-0.9850809,0.1719324
-0.06018189,-0.9850809,0.1612261
-0.107058,-0.9850809,0.1347379
-0.1434545,-0.9850809,0.09506066
-0.1658087,-0.9850809,0.04607814
-0.1719324,-0.9850809,-0.007414548
-0.2926311,-0.9510632,-0.09922643
-0.2476459,-0.9510632,-0.1847982
-0.1784194,-0.9510632,-0.2522803
-0.09172807,-0.9510632,-0.2950675
0.00394231,-0.9510632,-0.3089715
0.09922681,-0.9510632,-0.292631
0.1847983,-0.9510632,-0.2476459
0.2522804,-0.9510632,-0.1784195
0.2950676,-0.9510632,-0.09172807
0.3089715,-0.9510632,0.003942255
0.2926311,-0.9510632,0.09922677
0.247646,-0.9510632,0.1847983
0.1784195,-0.9510632,0.2522805
0.09172809,-0.9510632,0.2950676
-0.003942318,-0.9510632,0.3089715
-0.09922679,-0.9510632,0.2926312
-0.1847983,-0.9510632,0.247646
-0.2522805,-0.9510632,0.1784196
-0.2950677,-0.9510632,0.09172814
-0.3089716,-0.9510632,-0.003941939
-0.4305769,-0.8910288,-0.1437752
-0.3650737,-0.8910288,-0.2697943
-0.2638346,-0.8910288,-0.3694036
-0.1367696,-0.8910288,-0.4328531
0.003683285,-0.8910288,-0.4539319
0.1437757,-0.8910288,-0.4305767
0.2697945,-0.8910288,-0.3650737
0.3694037,-0.8910288,-0.2638347
0.4328533,-0.8910286,-0.1367697
0.4539321,-0.8910286,0.003683227
0.4305768,-0.8910286,0.1437757
0.3650737,-0.8910286,0.2697944
0.2638348,-0.8910286,0.3694037
0.1367697,-0.8910286,0.4328533
-0.003683258,-0.8910286,0.4539321
-0.1437757,-0.8910286,0.4305768
-0.2697944,-0.8910286,0.3650739
-0.3694037,-0.8910286,0.2638348
-0.4328533,-0.8910286,0.1367698
-0.4539321,-0.8910286,-0.003682743
-0.557928,-0.8090554,-0.1847855
-0.4735188,-0.8090554,-0.3481512
-0.3427586,-0.8090554,-0.4774368
-0.1784466,-0.8090554,-0.5599876
0.003332868,-0.8090554,-0.5877229
0.1847862,-0.8090554,-0.5579278
0.3481514,-0.8090554,-0.4735189
0.477437,-0.8090554,-0.3427586
0.5599878,-0.8090554,-0.1784467
0.587723,-0.8090553,0.003332766
0.557928,-0.8090554,0.1847861
0.4735189,-0.8090553,0.3481513
0.3427586,-0.8090553,0.4774369
0.1784467,-0.8090553,0.5599878
-0.00333278,-0.8090552,0.5877232
-0.1847861,-0.8090553,0.557928
-0.3481513,-0.8090552,0.4735191
-0.4774369,-0.8090553,0.3427586
-0.5599878,-0.8090553,0.1784467
-0.5877232,-0.8090552,-0.003332161
-0.6715477,-0.707158,-0.2212495
-0.5703095,-0.7071579,-0.417941
-0.4132456,-0.7071579,-0.573721
-0.2157304,-0.7071578,-0.673341
0.002901965,-0.7071578,-0.7070497
0.2212504,-0.7071579,-0.6715475
0.4179412,-0.7071579,-0.5703094
0.573721,-0.7071578,-0.4132457
0.673341,-0.7071578,-0.2157305
0.7070497,-0.7071578,0.00290187
0.6715475,-0.7071579,0.2212503
0.5703095,-0.7071578,0.4179412
0.4132457,-0.7071577,0.5737211
0.2157305,-0.7071577,0.6733411
-0.002901903,-0.7071578,0.7070498
-0.2212503,-0.7071577,0.6715476
-0.4179412,-0.7071577,0.5703097
-0.573721,-0.7071577,0.4132458
-0.6733411,-0.7071577,0.2157305
-0.7070498,-0.7071577,-0.002901153
-0.7686357,-0.5878423,-0.2522707
-0.6530595,-0.5878423,-0.4774459
-0.4735575,-0.5878423,-0.6558847
-0.2477005,-0.5878422,-0.7701207
0.002403134,-0.5878423,-0.8089721
0.2522716,-0.5878423,-0.7686355
0.4774461,-0.5878422,-0.6530596
0.6558847,-0.5878422,-0.4735576
0.7701207,-0.5878422,-0.2477006
0.8089721,-0.5878422,0.002403073
0.7686356,-0.5878422,0.2522715
0.6530596,-0.5878422,0.477446
0.4735576,-0.5878422,0.6558847
0.2477007,-0.5878422,0.7701207
-0.002403101,-0.5878422,0.8089721
-0.2522716,-0.5878422,0.7686356
-0.477446,-0.5878422,0.6530597
-0.6558847,-0.587842,0.4735578
-0.7701208,-0.587842,0.2477006
-0.8089721,-0.587842,-0.002402257
-0.8467982,-0.4540446,-0.2770854
-0.7197284,-0.4540446,-0.5251997
-0.5222065,-0.4540445,-0.7219029
-0.2735676,-0.4540446,-0.8479412
0.001849777,-0.4540446,-0.8909771
0.2770863,-0.4540446,-0.8467978
0.5251998,-0.4540446,-0.7197282
0.721903,-0.4540444,-0.5222065
0.8479412,-0.4540444,-0.2735679
0.8909771,-0.4540445,0.001849749
0.846798,-0.4540445,0.2770863
0.7197283,-0.4540445,0.5251998
0.5222066,-0.4540445,0.7219029
0.2735678,-0.4540445,0.8479412
-0.001849809,-0.4540444,0.8909771
-0.2770863,-0.4540443,0.846798
-0.5251997,-0.4540444,0.7197284
-0.7219029,-0.4540444,0.5222067
-0.8479413,-0.4540443,0.2735678
-0.8909771,-0.4540443,-0.00184883
-0.9041069,-0.3090591,-0.2950814
-0.768671,-0.3090591,-0.5600244
-0.5579925,-0.3090591,-0.7701473
-0.2926938,-0.3090591,-0.9048828
0.001255758,-0.3090591,-0.951042
0.2950825,-0.3090589,-0.9041067
0.5600246,-0.309059,-0.768671
0.7701473,-0.3090591,-0.5579925
0.9048828,-0.309059,-0.2926939
0.951042,-0.3090589,0.00125567
0.9041067,-0.3090589,0.2950824
0.7686712,-0.3090588,0.5600244
0.5579926,-0.3090588,0.7701473
0.2926939,-0.3090589,0.9048828
-0.00125573,-0.3090589,0.951042
-0.2950824,-0.309059,0.9041067
-0.5600244,-0.3090588,0.7686712
-0.7701473,-0.3090588,0.5579927
-0.9048828,-0.309059,0.2926939
-0.9510421,-0.3090589,-0.001254697
-0.939148,-0.1564574,-0.3058138
-0.7986805,-0.1564575,-0.5810598
-0.5800328,-0.1564575,-0.7994266
-0.3046077,-0.1564574,-0.9395399
0.0006346446,-0.1564573,-0.9876845
0.305815,-0.1564574,-0.9391477
0.58106,-0.1564573,-0.7986805
0.7994266,-0.1564573,-0.5800328
0.9395399,-0.1564573,-0.3046077
0.9876845,-0.1564573,0.0006345488
0.9391477,-0.1564574,0.3058149
0.7986805,-0.1564573,0.5810599
0.580033,-0.1564573,0.7994266
0.3046078,-0.1564573,0.9395399
-0.0006345841,-0.1564573,0.9876845
-0.3058149,-0.1564574,0.9391477
-0.5810599,-0.1564574,0.7986805
-0.7994266,-0.1564573,0.5800331
-0.9395399,-0.1564573,0.3046078
-0.9876845,-0.1564574,-0.0006336309
-0.9510568,0,-0.309016
-0.809017,0,-0.5877854
-0.5877851,0,-0.8090171
-0.3090168,0,-0.9510565
0,0,-1
0.3090172,0,-0.9510565
0.5877855,0,-0.8090168
0.8090171,0,-0.5877851
0.9510565,0,-0.3090169
1,0,0
0.9510565,0,0.309017
0.8090169,0,0.5877854
0.5877852,0,0.8090171
0.3090169,0,0.9510565
0,0,1
-0.3090171,0,0.9510565
-0.5877853,0,0.809017
-0.809017,0,0.5877853
-0.9510565,0,0.3090169
-1,0,0
-0.9395403,0.1564574,-0.3046069
-0.7994264,0.1564575,-0.5800331
-0.5810596,0.1564574,-0.7986806
-0.3058147,0.1564574,-0.9391477
-0.0006344556,0.1564573,-0.9876845
0.3046079,0.1564573,-0.9395398
0.5800332,0.1564573,-0.7994264
0.7986808,0.1564573,-0.5810596
0.9391477,0.1564574,-0.3058148
0.9876845,0.1564573,-0.0006345438
0.9395399,0.1564573,0.3046079
0.7994264,0.1564573,0.5800331
0.5810597,0.1564573,0.7986806
0.3058148,0.1564574,0.9391477
0.0006345186,0.1564574,0.9876845
-0.3046079,0.1564573,0.9395398
-0.5800331,0.1564573,0.7994266
-0.7986805,0.1564574,0.5810598
-0.9391477,0.1564574,0.3058148
-0.9876845,0.1564573,0.0006354816
-0.9048831,0.3090591,-0.292693
-0.7701472,0.309059,-0.5579927
-0.5600242,0.3090591,-0.7686712
-0.2950822,0.3090591,-0.9041067
-0.001255604,0.309059,-0.951042
0.2926941,0.309059,-0.9048828
0.5579928,0.3090591,-0.770147
0.7686712,0.309059,-0.5600242
0.9041067,0.3090588,-0.2950823
0.951042,0.3090589,-0.001255665
0.9048828,0.3090589,0.292694
0.7701472,0.3090588,0.5579928
0.5600243,0.3090588,0.7686713
0.2950823,0.3090588,0.9041067
0.001255574,0.3090589,0.9510421
-0.292694,0.309059,0.9048828
-0.5579927,0.3090589,0.7701473
-0.7686712,0.3090588,0.5600244
-0.9041067,0.309059,0.2950823
-0.951042,0.309059,0.001256594
-0.8479414,0.4540446,-0.273567
-0.7219028,0.4540446,-0.5222067
-0.5251995,0.4540445,-0.7197285
-0.2770861,0.4540446,-0.8467979
-0.001849719,0.4540447,-0.890977
0.273568,0.4540445,-0.847941
0.522207,0.4540444,-0.7219027
0.7197284,0.4540446,-0.5251995
0.8467979,0.4540445,-0.2770862
0.8909771,0.4540446,-0.001849749
0.8479412,0.4540445,0.2735679
0.7219028,0.4540445,0.5222068
0.5251996,0.4540445,0.7197285
0.2770862,0.4540443,0.846798
0.001849648,0.4540443,0.8909771
-0.2735679,0.4540444,0.8479412
-0.5222067,0.4540444,0.7219029
-0.7197285,0.4540443,0.5251997
-0.8467981,0.4540443,0.2770862
-0.8909771,0.4540443,0.001850614
-0.7701209,0.5878423,-0.2476998
-0.6558845,0.5878423,-0.4735577
-0.4774458,0.5878423,-0.6530597
-0.2522714,0.5878422,-0.7686356
-0.002402965,0.5878422,-0.8089721
0.2477007,0.5878423,-0.7701206
0.4735579,0.5878422,-0.6558844
0.6530597,0.5878421,-0.4774458
0.7686356,0.5878422,-0.2522715
0.8089721,0.5878422,-0.002403072
0.7701207,0.5878422,0.2477007
0.6558846,0.5878422,0.4735579
0.4774459,0.5878422,0.6530597
0.2522715,0.5878422,0.7686356
0.002403053,0.5878422,0.8089721
-0.2477008,0.587842,0.7701207
-0.4735578,0.5878422,0.6558847
-0.6530597,0.5878422,0.4774459
-0.7686357,0.587842,0.2522715
-0.8089722,0.587842,0.002403856
-0.6733412,0.7071579,-0.2157298
-0.5737208,0.7071579,-0.4132457
-0.4179409,0.7071579,-0.5703096
-0.2212501,0.7071578,-0.6715475
-0.002901771,0.7071578,-0.7070498
0.2157307,0.7071577,-0.673341
0.4132459,0.7071578,-0.5737208
0.5703096,0.7071579,-0.4179409
0.6715475,0.7071579,-0.2212502
0.7070498,0.7071578,-0.002901866
0.673341,0.7071578,0.2157305
0.5737209,0.7071578,0.4132459
0.417941,0.7071577,0.5703096
0.2212501,0.7071577,0.6715477
0.002901887,0.7071578,0.7070498
-0.2157306,0.7071577,0.6733411
-0.4132458,0.7071577,0.573721
-0.5703096,0.7071577,0.4179412
-0.6715477,0.7071577,0.2212502
-0.7070498,0.7071577,0.002902551
-0.5599878,0.8090554,-0.1784461
-0.4774368,0.8090554,-0.3427586
-0.3481511,0.8090554,-0.473519
-0.1847859,0.8090554,-0.5579278
-0.003332692,0.8090554,-0.5877229
0.1784468,0.8090554,-0.5599876
0.3427588,0.8090554,-0.4774368
0.4735191,0.8090553,-0.3481511
0.557928,0.8090553,-0.184786
0.5877231,0.8090553,-0.003332768
0.5599877,0.8090554,0.1784468
0.4774369,0.8090554,0.3427588
0.3481512,0.8090552,0.4735191
0.1847861,0.8090552,0.5579281
0.003332752,0.8090553,0.5877231
-0.1784468,0.8090552,0.5599878
-0.3427588,0.8090552,0.4774371
-0.4735191,0.8090552,0.3481513
-0.5579281,0.8090552,0.1847861
-0.5877231,0.8090553,0.003333347
-0.4328532,0.8910288,-0.1367692
-0.3694035,0.8910288,-0.2638347
-0.2697942,0.8910288,-0.3650737
-0.1437756,0.8910288,-0.4305767
-0.003683163,0.8910288,-0.4539319
0.1367698,0.8910288,-0.432853
0.2638348,0.8910288,-0.3694036
0.3650739,0.8910288,-0.2697943
0.4305769,0.8910288,-0.1437756
0.453932,0.8910286,-0.003683228
0.4328532,0.8910286,0.1367698
0.3694037,0.8910286,0.2638348
0.2697943,0.8910286,0.3650738
0.1437757,0.8910288,0.4305769
0.003683174,0.8910286,0.4539321
-0.1367698,0.8910286,0.4328532
-0.2638348,0.8910286,0.3694037
-0.3650738,0.8910286,0.2697944
-0.4305769,0.8910286,0.1437756
-0.4539321,0.8910286,0.003683653
-0.2950676,0.9510632,-0.09172778
-0.2522803,0.9510632,-0.1784195
-0.1847982,0.9510632,-0.247646
-0.09922669,0.9510632,-0.2926311
-0.003942223,0.9510632,-0.3089715
0.09172817,0.9510632,-0.2950675
0.1784196,0.9510632,-0.2522804
0.247646,0.9510632,-0.1847982
0.2926312,0.9510632,-0.09922673
0.3089715,0.9510632,-0.003942256
0.2950675,0.9510632,0.09172811
0.2522804,0.9510632,0.1784196
0.1847983,0.9510632,0.247646
0.09922673,0.9510632,0.2926312
0.003942222,0.9510632,0.3089715
-0.09172815,0.9510632,0.2950676
-0.1784196,0.9510632,0.2522804
-0.247646,0.951063,0.1847983
-0.2926312,0.9510632,0.09922677
-0.3089716,0.9510632,0.003942547
-0.1658087,0.9850809,-0.04607792
-0.1434544,0.9850809,-0.09506058
-0.1070579,0.9850809,-0.1347379
-0.06018184,0.9850809,-0.161226
-0.007414738,0.9850809,-0.1719323
0.04607816,0.9850809,-0.1658086
0.09506066,0.9850809,-0.1434545
0.1347379,0.9850809,-0.1070579
0.1612261,0.9850809,-0.06018187
0.1719324,0.9850809,-0.007414757
0.1658087,0.9850809,0.04607815
0.1434545,0.9850809,0.09506065
0.107058,0.9850809,0.1347379
0.06018186,0.9850809,0.1612261
0.007414739,0.9850809,0.1719324
-0.04607818,0.9850809,0.1658087
-0.09506064,0.9850809,0.1434545
-0.1347379,0.9850809,0.107058
-0.1612261,0.9850809,0.06018189
-0.1719324,0.9850809,0.007414884
0,-1,0
0,1,0
-0.2926311,-0.9510632,-0.09922643
-0.161226,-0.9850809,-0.06018174
-0.4305769,-0.8910288,-0.1437752
-0.557928,-0.8090554,-0.1847855
-0.6715477,-0.707158,-0.2212495
-0.6715477,-0.707158,-0.2212495
-0.5703095,-0.7071579,-0.417941
-0.5703095,-0.7071579,-0.417941
-0.4132456,-0.7071579,-0.573721
-0.6530595,-0.5878423,-0.4774459
-0.2157304,-0.7071578,-0.673341
0.002901965,-0.7071578,-0.7070497
0.2212504,-0.7071579,-0.6715475
0.4179412,-0.7071579,-0.5703094
0.573721,-0.7071578,-0.4132457
0.573721,-0.7071578,-0.4132457
0.673341,-0.7071578,-0.2157305
0.6558847,-0.5878422,-0.4735576
0.7070497,-0.7071578,0.00290187
0.6715475,-0.7071579,0.2212503
0.5703095,-0.7071578,0.4179412
0.5703095,-0.7071578,0.4179412
0.4132457,-0.7071577,0.5737211
0.6530596,-0.5878422,0.477446
0.2157305,-0.7071577,0.6733411
-0.002901903,-0.7071578,0.7070498
-0.2212503,-0.7071577,0.6715476
-0.4179412,-0.7071577,0.5703097
-0.573721,-0.7071577,0.4132458
-0.573721,-0.7071577,0.4132458
-0.6733411,-0.7071577,0.2157305
-0.6558847,-0.587842,0.4735578
-0.7070498,-0.7071577,-0.002901153
-0.7686357,-0.5878423,-0.2522707
-0.6715477,-0.707158,-0.2212495
-0.7197284,-0.4540446,-0.5251997
0.721903,-0.4540444,-0.5222065
0.7197283,-0.4540445,0.5251998
-0.7219029,-0.4540444,0.5222067
-0.8467982,-0.4540446,-0.2770854
-0.768671,-0.3090591,-0.5600244
0.7701473,-0.3090591,-0.5579925
0.7686712,-0.3090588,0.5600244
-0.7701473,-0.3090588,0.5579927
-0.9041069,-0.3090591,-0.2950814
-0.7986805,-0.1564575,-0.5810598
0.7994266,-0.1564573,-0.5800328
0.7986805,-0.1564573,0.5810599
-0.7994266,-0.1564573,0.5800331
-0.939148,-0.1564574,-0.3058138
-0.809017,0,-0.5877854
0.8090171,0,-0.5877851
0.8090169,0,0.5877854
-0.809017,0,0.5877853
-0.9510568,0,-0.309016
-0.7994264,0.1564575,-0.5800331
0.7986808,0.1564573,-0.5810596
0.7994264,0.1564573,0.5800331
-0.7986805,0.1564574,0.5810598
-0.9395403,0.1564574,-0.3046069
-0.7701472,0.309059,-0.5579927
0.7686712,0.309059,-0.5600242
0.7701472,0.3090588,0.5579928
-0.7686712,0.3090588,0.5600244
-0.9048831,0.3090591,-0.292693
-0.7219028,0.4540446,-0.5222067
0.7197284,0.4540446,-0.5251995
0.7219028,0.4540445,0.5222068
-0.7197285,0.4540443,0.5251997
-0.8479414,0.4540446,-0.273567
-0.6558845,0.5878423,-0.4735577
0.6530597,0.5878421,-0.4774458
0.6558846,0.5878422,0.4735579
-0.6530597,0.5878422,0.4774459
-0.7701209,0.5878423,-0.2476998
-0.5737208,0.7071579,-0.4132457
0.5703096,0.7071579,-0.4179409
0.5737209,0.7071578,0.4132459
-0.5703096,0.7071577,0.4179412
-0.6733412,0.7071579,-0.2157298
-0.6733412,0.7071579,-0.2157298
-0.5737208,0.7071579,-0.4132457
-0.4179409,0.7071579,-0.5703096
-0.2212501,0.7071578,-0.6715475
-0.002901771,0.7071578,-0.7070498
0.2157307,0.7071577,-0.673341
0.4132459,0.7071578,-0.5737208
0.5703096,0.7071579,-0.4179409
0.6715475,0.7071579,-0.2212502
0.7070498,0.7071578,-0.002901866
0.673341,0.7071578,0.2157305
0.5737209,0.7071578,0.4132459
0.417941,0.7071577,0.5703096
0.2212501,0.7071577,0.6715477
0.002901887,0.7071578,0.7070498
-0.2157306,0.7071577,0.6733411
-0.4132458,0.7071577,0.573721
-0.5703096,0.7071577,0.4179412
-0.6715477,0.7071577,0.2212502
-0.7070498,0.7071577,0.002902551
-0.5599878,0.8090554,-0.1784461
-0.6733412,0.7071579,-0.2157298
-0.4328532,0.8910288,-0.1367692
-0.2950676,0.9510632,-0.09172778
-0.1658087,0.9850809,-0.04607792
0,-1,0
0,-1,0
0,-1,0
0,-1,0
0,-1,0
0,-1,0
0,-1,0
0,-1,0
0,-1,0
0,-1,0
0,-1,0
0,-1,0
0,-1,0
0,-1,0
0,-1,0
0,-1,0
0,-1,0
0,-1,0
0,-1,0
0,1,0
0,1,0
0,1,0
0,1,0
0,1,0
0,1,0
0,1,0
0,1,0
0,1,0
0,1,0
0,1,0
0,1,0
0,1,0
0,1,0
0,1,0
0,1,0
0,1,0
0,1,0
0,1,0
#uvs
0,0.05
0.05,0.05
0.1,0.05
0.15,0.05
0.2,0.05
0.25,0.05
0.3,0.05
0.35,0.05
0.4,0.05
0.45,0.05
0.5000001,0.05
0.5500001,0.05
0.6000001,0.05
0.6500001,0.05
0.7000001,0.05
0.7500001,0.05
0.8000001,0.05
0.8500001,0.05
0.9000002,0.05
0.9500002,0.05
0,0.1
0.05,0.1
0.1,0.1
0.15,0.1
0.2,0.1
0.25,0.1
0.3,0.1
0.35,0.1
0.4,0.1
0.45,0.1
0.5000001,0.1
0.5500001,0.1
0.6000001,0.1
0.6500001,0.1
0.7000001,0.1
0.7500001,0.1
0.8000001,0.1
0.8500001,0.1
0.9000002,0.1
0.9500002,0.1
0,0.15
0.05,0.15
0.1,0.15
0.15,0.15
0.2,0.15
0.25,0.15
0.3,0.15
0.35,0.15
0.4,0.15
0.45,0.15
0.5000001,0.15
0.5500001,0.15
0.6000001,0.15
0.6500001,0.15
0.7000001,0.15
0.7500001,0.15
0.8000001,0.15
0.8500001,0.15
0.9000002,0.15
0.9500002,0.15
0,0.2
0.05,0.2
0.1,0.2
0.15,0.2
0.2,0.2
0.25,0.2
0.3,0.2
0.35,0.2
0.4,0.2
0.45,0.2
0.5000001,0.2
0.5500001,0.2
0.6000001,0.2
0.6500001,0.2
0.7000001,0.2
0.7500001,0.2
0.8000001,0.2
0.8500001,0.2
0.9000002,0.2
0.9500002,0.2
0,0.25
0.05,0.25
0.1,0.25
0.15,0.25
0.2,0.25
0.25,0.25
0.3,0.25
0.35,0.25
0.4,0.25
0.45,0.25
0.5000001,0.25
0.5500001,0.25
0.6000001,0.25
0.6500001,0.25
0.7000001,0.25
0.7500001,0.25
0.8000001,0.25
0.8500001,0.25
0.9000002,0.25
0.9500002,0.25
0,0.3
0.05,0.3
0.1,0.3
0.15,0.3
0.2,0.3
0.25,0.3
0.3,0.3
0.35,0.3
0.4,0.3
0.45,0.3
0.5000001,0.3
0.5500001,0.3
0.6000001,0.3
0.6500001,0.3
0.7000001,0.3
0.7500001,0.3
0.8000001,0.3
0.8500001,0.3
0.9000002,0.3
0.9500002,0.3
0,0.35
0.05,0.35
0.1,0.35
0.15,0.35
0.2,0.35
0.25,0.35
0.3,0.35
0.35,0.35
0.4,0.35
0.45,0.35
0.5000001,0.35
0.5500001,0.35
0.6000001,0.35
0.6500001,0.35
0.7000001,0.35
0.7500001,0.35
0.8000001,0.35
0.8500001,0.35
0.9000002,0.35
0.9500002,0.35
0,0.4
0.05,0.4
0.1,0.4
0.15,0.4
0.2,0.4
0.25,0.4
0.3,0.4
0.35,0.4
0.4,0.4
0.45,0.4
0.5000001,0.4
0.5500001,0.4
0.6000001,0.4
0.6500001,0.4
0.7000001,0.4
0.7500001,0.4
0.8000001,0.4
0.8500001,0.4
0.9000002,0.4
0.9500002,0.4
0,0.45
0.05,0.45
0.1,0.45
0.15,0.45
0.2,0.45
0.25,0.45
0.3,0.45
0.35,0.45
0.4,0.45
0.45,0.45
0.5000001,0.45
0.5500001,0.45
0.6000001,0.45
0.6500001,0.45
0.7000001,0.45
0.7500001,0.45
0.8000001,0.45
0.8500001,0.45
0.9000002,0.45
0.9500002,0.45
0,0.5000001
0.05,0.5000001
0.1,0.5000001
0.15,0.5000001
0.2,0.5000001
0.25,0.5000001
0.3,0.5000001
0.35,0.5000001
0.4,0.5000001
0.45,0.5000001
0.5000001,0.5000001
0.5500001,0.5000001
0.6000001,0.5000001
0.6500001,0.5000001
0.7000001,0.5000001
0.7500001,0.5000001
0.8000001,0.5000001
0.8500001,0.5000001
0.9000002,0.5000001
0.9500002,0.5000001
0,0.5500001
0.05,0.5500001
0.1,0.5500001
0.15,0.5500001
0.2,0.5500001
0.25,0.5500001
0.3,0.5500001
0.35,0.5500001
0.4,0.5500001
0.45,0.5500001
0.5000001,0.5500001
0.5500001,0.5500001
0.6000001,0.5500001
0.6500001,0.5500001
0.7000001,0.5500001
0.7500001,0.5500001
0.8000001,0.5500001
0.8500001,0.5500001
0.9000002,0.5500001
0.9500002,0.5500001
0,0.6000001
0.05,0.6000001
0.1,0.6000001
0.15,0.6000001
0.2,0.6000001
0.25,0.6000001
0.3,0.6000001
0.35,0.6000001
0.4,0.6000001
0.45,0.6000001
0.5000001,0.6000001
0.5500001,0.6000001
0.6000001,0.6000001
0.6500001,0.6000001
0.7000001,0.6000001
0.7500001,0.6000001
0.8000001,0.6000001
0.8500001,0.6000001
0.9000002,0.6000001
0.9500002,0.6000001
0,0.6500001
0.05,0.6500001
0.1,0.6500001
0.15,0.6500001
0.2,0.6500001
0.25,0.6500001
0.3,0.6500001
0.35,0.6500001
0.4,0.6500001
0.45,0.6500001
0.5000001,0.6500001
0.5500001,0.6500001
0.6000001,0.6500001
0.6500001,0.6500001
0.7000001,0.6500001
0.7500001,0.6500001
0.8000001,0.6500001
0.8500001,0.6500001
0.9000002,0.6500001
0.9500002,0.6500001
0,0.7000001
0.05,0.7000001
0.1,0.7000001
0.15,0.7000001
0.2,0.7000001
0.25,0.7000001
0.3,0.7000001
0.35,0.7000001
0.4,0.7000001
0.45,0.7000001
0.5000001,0.7000001
0.5500001,0.7000001
0.6000001,0.7000001
0.6500001,0.7000001
0.7000001,0.7000001
0.7500001,0.7000001
0.8000001,0.7000001
0.8500001,0.7000001
0.9000002,0.7000001
0.9500002,0.7000001
0,0.7500001
0.05,0.7500001
0.1,0.7500001
0.15,0.7500001
0.2,0.7500001
0.25,0.7500001
0.3,0.7500001
0.35,0.7500001
0.4,0.7500001
0.45,0.7500001
0.5000001,0.7500001
0.5500001,0.7500001
0.6000001,0.7500001
0.6500001,0.7500001
0.7000001,0.7500001
0.7500001,0.7500001
0.8000001,0.7500001
0.8500001,0.7500001
0.9000002,0.7500001
0.9500002,0.7500001
0,0.8000001
0.05,0.8000001
0.1,0.8000001
0.15,0.8000001
0.2,0.8000001
0.25,0.8000001
0.3,0.8000001
0.35,0.8000001
0.4,0.8000001
0.45,0.8000001
0.5000001,0.8000001
0.5500001,0.8000001
0.6000001,0.8000001
0.6500001,0.8000001
0.7000001,0.8000001
0.7500001,0.8000001
0.8000001,0.8000001
0.8500001,0.8000001
0.9000002,0.8000001
0.9500002,0.8000001
0,0.8500001
0.05,0.8500001
0.1,0.8500001
0.15,0.8500001
0.2,0.8500001
0.25,0.8500001
0.3,0.8500001
0.35,0.8500001
0.4,0.8500001
0.45,0.8500001
0.5000001,0.8500001
0.5500001,0.8500001
0.6000001,0.8500001
0.6500001,0.8500001
0.7000001,0.8500001
0.7500001,0.8500001
0.8000001,0.8500001
0.8500001,0.8500001
0.9000002,0.8500001
0.9500002,0.8500001
0,0.9000002
0.05,0.9000002
0.1,0.9000002
0.15,0.9000002
0.2,0.9000002
0.25,0.9000002
0.3,0.9000002
0.35,0.9000002
0.4,0.9000002
0.45,0.9000002
0.5000001,0.9000002
0.5500001,0.9000002
0.6000001,0.9000002
0.6500001,0.9000002
0.7000001,0.9000002
0.7500001,0.9000002
0.8000001,0.9000002
0.8500001,0.9000002
0.9000002,0.9000002
0.9500002,0.9000002
0,0.9500002
0.05,0.9500002
0.1,0.9500002
0.15,0.9500002
0.2,0.9500002
0.25,0.9500002
0.3,0.9500002
0.35,0.9500002
0.4,0.9500002
0.45,0.9500002
0.5000001,0.9500002
0.5500001,0.9500002
0.6000001,0.9500002
0.6500001,0.9500002
0.7000001,0.9500002
0.7500001,0.9500002
0.8000001,0.9500002
0.8500001,0.9500002
0.9000002,0.9500002
0.9500002,0.9500002
0.5,0
0.5,1
1,0.1
1,0.05
1,0.15
1,0.2
1,0.25
0,0.25
0.05,0.25
0.05,0.25
0.1,0.25
0.05,0.3
0.15,0.25
0.2,0.25
0.25,0.25
0.3,0.25
0.35,0.25
0.35,0.25
0.4,0.25
0.35,0.3
0.45,0.25
0.5000001,0.25
0.5500001,0.25
0.5500001,0.25
0.6000001,0.25
0.5500001,0.3
0.6500001,0.25
0.7000001,0.25
0.7500001,0.25
0.8000001,0.25
0.8500001,0.25
0.8500001,0.25
0.9000002,0.25
0.8500001,0.3
0.9500002,0.25
1,0.3
1,0.25
0.05,0.35
0.35,0.35
0.5500001,0.35
0.8500001,0.35
1,0.35
0.05,0.4
0.35,0.4
0.5500001,0.4
0.8500001,0.4
1,0.4
0.05,0.45
0.35,0.45
0.5500001,0.45
0.8500001,0.45
1,0.45
0.05,0.5000001
0.35,0.5000001
0.5500001,0.5000001
0.8500001,0.5000001
1,0.5000001
0.05,0.5500001
0.35,0.5500001
0.5500001,0.5500001
0.8500001,0.5500001
1,0.5500001
0.05,0.6000001
0.35,0.6000001
0.5500001,0.6000001
0.8500001,0.6000001
1,0.6000001
0.05,0.6500001
0.35,0.6500001
0.5500001,0.6500001
0.8500001,0.6500001
1,0.6500001
0.05,0.7000001
0.35,0.7000001
0.5500001,0.7000001
0.8500001,0.7000001
1,0.7000001
0.05,0.7500001
0.35,0.7500001
0.5500001,0.7500001
0.8500001,0.7500001
1,0.7500001
0,0.7500001
0.05,0.7500001
0.1,0.7500001
0.15,0.7500001
0.2,0.7500001
0.25,0.7500001
0.3,0.7500001
0.35,0.7500001
0.4,0.7500001
0.45,0.7500001
0.5000001,0.7500001
0.5500001,0.7500001
0.6000001,0.7500001
0.6500001,0.7500001
0.7000001,0.7500001
0.7500001,0.7500001
0.8000001,0.7500001
0.8500001,0.7500001
0.9000002,0.7500001
0.9500002,0.7500001
1,0.8000001
1,0.7500001
1,0.8500001
1,0.9000002
1,0.9500002
0.5,0
0.5,0
0.5,0
0.5,0
0.5,0
0.5,0
0.5,0
0.5,0
0.5,0
0.5,0
0.5,0
0.5,0
0.5,0
0.5,0
0.5,0
0.5,0
0.5,0
0.5,0
0.5,0
0.5,1
0.5,1
0.5,1
0.5,1
0.5,1
0.5,1
0.5,1
0.5,1
0.5,1
0.5,1
0.5,1
0.5,1
0.5,1
0.5,1
0.5,1
0.5,1
0.5,1
0.5,1
0.5,1
